"""Customer ID""","""Customer Name""","""Account Number""","""Date Of Purchase""","""Customer Address""","""Transaction Values"""
"""009ccc41-f77a-4d58-9cd6-56fab21895c3""","""Anabel Michurin""","""375-69-9006""","""04/18/2018""","""0 Barnett Avenue""","""£42.87"""
"""c586a4fc-597f-4a1a-bcbd-62c361520935""","""Mitzi Pilger""","""200-01-6427""","""05/26/2018""","""33 Crowley Road""","""£37.41"""
"""accf2eae-18d1-48b5-98ac-b84d5108eb7c""","""Hewitt Dunsire""","""101-87-6768""","""05/27/2018""","""7193 Butternut Court""","""£28.43"""
"""32619ddf-f9d7-4e61-8de4-43f91fed91ae""","""Ben Barnes""","""795-15-3650""","""04/24/2018""","""1554 Calypso Trail""","""£82.04"""
"""66ac4352-86c2-4937-a510-9b3ecc58ec46""","""Morganica Jobern""","""540-64-7492""","""12/28/2018""","""3590 Summer Ridge Street""","""£21.13"""
"""e0fa493a-e0c8-46fa-82a9-578ada7ace11""","""Marcello Acock""","""307-74-3072""",43527,"""85282 Chinook Lane""","""£98.26"""
"""0896bc5e-8c93-4ba9-a518-2dd53d1a0375""","""Geoffry Shayes""","""585-87-5692""",43413,"""0285 Eastlawn Alley""","""£71.42"""
"""1c56192e-b6d2-49fc-ad92-fb7e38d03a9f""","""Corliss Carff""","""219-96-4574""","""06/20/2018""","""0 Westend Way""","""£25.90"""
"""2e19a264-4d53-460b-8ccf-09917c040711""","""Teodor Smythe""","""638-82-6263""","""06/16/2018""","""560 Victoria Way""","""£64.85"""
"""24e7c228-4af8-4c96-b2ef-2e10212f3f1a""","""Wadsworth Heffernon""","""239-17-9620""","""06/16/2018""","""36 Lunder Street""","""£61.49"""
"""5efaf7be-4ace-40d5-b778-941e84f8fe9a""","""Edik MacDermand""","""684-09-2911""","""03/22/2018""","""07 Towne Place""","""£76.72"""
"""fbe6fc9f-013a-43f1-a242-c9fac0faeac4""","""Linzy Souster""","""499-07-3280""",43166,"""1632 Leroy Junction""","""£70.11"""
"""969f390f-eb9e-4c55-a686-9a8dad321634""","""Iggy Tabbernor""","""418-35-5793""","""06/24/2018""","""06258 Kim Alley""","""£47.92"""
"""9ca3cea8-0d60-4128-b4d1-57c8d37eba4b""","""Jacklyn Abramski""","""385-78-9393""",43137,"""4 Bartelt Road""","""£23.74"""
"""156f36d9-32b7-4fd9-a808-66fe2caae739""","""Ansel Morphet""","""492-54-8751""","""12/17/2018""","""802 Columbus Trail""","""£78.85"""
"""6c7e7dcf-a7fe-4b71-bcce-c4c4c386907c""","""Lefty Oakes""","""421-02-3748""","""05/14/2018""","""6612 Arrowood Way""","""£89.28"""
"""42458724-e462-4357-ba62-25b9cb9afc46""","""Tulley Climie""","""522-27-3839""","""06/13/2018""","""201 Carey Alley""","""£92.81"""
"""62fd1522-d4ba-4a53-9f9c-6d3a28566161""","""Boothe Montel""","""117-86-5481""","""04/27/2018""","""80 Ohio Center""","""£21.61"""
"""5d366be5-aa86-43de-a28d-3bd9dca0dd4e""","""Val Ruffle""","""407-23-4698""","""01/17/2019""","""7 Hoepker Road""","""£45.47"""
"""0000faa7-1fb5-402d-8b77-9bcbd0528727""","""Jessamyn Houdmont""","""322-94-0043""","""02/13/2019""","""471 Michigan Avenue""","""£5.60"""
"""12ec00d9-0a71-44c3-96bb-01f59f0533ae""","""Vida Gully""","""137-26-2518""","""06/22/2018""","""7 Artisan Drive""","""£48.22"""
"""9999d24a-c733-4dba-b62a-b779e9ceffb0""","""Roberta Greenstock""","""287-39-6398""",43142,"""57 6th Terrace""","""£97.57"""
"""e926cd44-4011-4a25-b76c-521d04fc8465""","""Bart Spira""","""235-69-4123""","""03/22/2018""","""8106 Sundown Street""","""£79.44"""
"""aea9ada8-b517-4274-ad44-32da9a11f40c""","""Estrellita Ayres""","""877-68-2139""","""07/21/2018""","""46021 Clove Way""","""£42.99"""
"""fc1e48ce-a19f-4b0e-abc8-73fdd94d129b""","""Micki Lempel""","""822-86-2966""","""03/20/2018""","""45 Prentice Park""","""£34.68"""
"""0daf13d5-d851-4a99-a0e0-36bc1e5e9550""","""Ricki Liddy""","""121-91-5254""","""03/16/2018""","""8 Parkside Hill""","""£26.15"""
"""23282926-eb59-4cb3-ace4-c3723fe0f7ab""","""Ode Knowles""","""786-15-5837""",43770,"""079 Westend Junction""","""£14.19"""
"""ddb894db-98d2-4faa-8d46-9463ebdd9182""","""Margareta Gowen""","""797-77-4419""","""02/19/2019""","""51037 Kenwood Road""","""£74.64"""
"""64217354-d1ae-44fa-9ab0-4333a801fbb7""","""Ronda McDermid""","""569-34-5992""",43379,"""0 Hagan Street""","""£92.69"""
"""738bc65c-b906-44a0-b3ad-6b88cafe151a""","""Skipp Bonnyson""","""480-39-4084""","""02/13/2019""","""0 Nelson Crossing""","""£62.52"""
"""ff921d57-2263-4b22-b435-60375caf89cc""","""Piggy Scotney""","""827-62-7277""",43381,"""4 Northview Trail""","""£27.76"""
"""89935210-52e6-43b1-97bc-b0b226326069""","""Cleveland Harding""","""254-77-3202""","""12/14/2018""","""79 Bluejay Park""","""£98.56"""
"""a194de0c-6cac-41c8-9119-950566e13c6f""","""Sharline Kupke""","""641-44-7106""","""07/18/2018""","""465 Clove Lane""","""£8.85"""
"""6aa4e711-0b0b-424e-acd6-820ec7b43808""","""Neysa Daniau""","""736-14-8258""","""12/19/2018""","""418 Buhler Circle""","""£37.84"""
"""ef9a2627-6b51-4caa-a3d3-d44179f7a559""","""Karim Winterborne""","""646-21-5769""","""09/28/2018""","""680 Becker Pass""","""£64.58"""
"""8cb27e9b-ca83-429c-bbae-85cf222049de""","""Charmane Bather""","""782-09-6413""","""01/20/2019""","""471 Scofield Hill""","""£63.20"""
"""9a1e0a5c-2c85-409e-adb0-12a3e947d306""","""Ernestus Shrawley""","""861-48-0319""","""03/25/2018""","""880 Vahlen Plaza""","""£50.58"""
"""5aea1f8b-b5c5-4b8a-8eae-a25f62b440d6""","""Hedwiga Boldecke""","""820-36-0649""","""05/23/2018""","""1 Kinsman Street""","""£66.44"""
"""24c48f60-7265-4f38-83d3-5625d201e5f1""","""Rosaleen Rousel""","""503-44-5895""","""05/16/2018""","""650 Crest Line Drive""","""£15.08"""
"""7ebae1d1-7c51-41cd-aeb7-18bdc6406722""","""Sarina Caesman""","""638-67-9173""",43231,"""2928 Duke Terrace""","""£56.47"""
"""a356628c-b802-49b2-9632-99a93f65ac51""","""Whittaker Mingardo""","""389-76-5072""","""11/14/2018""","""0 Leroy Terrace""","""£70.51"""
"""b276fbac-69df-406d-9177-93ca320d3463""","""Herminia Hagan""","""307-21-9859""","""07/19/2018""","""933 Northwestern Park""","""£76.94"""
"""04e38b4c-2f9f-46d8-872e-3828de5742b2""","""Morrie Trussler""","""359-37-4834""","""03/25/2018""","""01199 Onsgard Hill""","""£39.04"""
"""366ea719-9316-43e4-9df8-d66f52e66955""","""Rebekkah Lile""","""502-44-0399""",43170,"""966 Oxford Plaza""","""£82.31"""
"""8c9e5776-8223-4464-9b79-c049ec3ac6e7""","""Giffer Mault""","""124-03-8496""","""10/18/2018""","""98 Brown Avenue""","""£56.53"""
"""13abc53e-99a0-49e6-bc8d-8bb18c282f18""","""Suzanne Burdon""","""135-49-3806""",43355,"""27292 Coleman Way""","""£15.43"""
"""36f3f345-08d5-4859-9ca8-e0ec353e404a""","""Bard Gilyatt""","""381-89-6394""","""11/23/2018""","""886 Corscot Alley""","""£10.72"""
"""d9a9dc37-e556-414e-9898-fe286e439b53""","""Melita Dancer""","""298-42-0295""","""05/17/2018""","""70 Eliot Park""","""£40.80"""
"""ce92f66b-5f0d-4f00-9b9c-7467a25979b7""","""Hatti Brabben""","""115-13-7379""",43138,"""57 Northland Alley""","""£73.40"""
"""40cce5bb-3ad1-47cb-857b-df6f555e00af""","""Harris Hewertson""","""757-44-0864""","""05/27/2018""","""63 Trailsway Alley""","""£30.79"""
"""e1c11916-1c65-4e53-a8ee-6728a240bfd3""","""Stearn Heindl""","""604-73-0333""",43110,"""1679 Express Street""","""£56.59"""
"""5df75840-bcb5-43c9-be65-247c3550b209""","""Teodor Cockerill""","""497-72-5691""","""04/27/2018""","""70 Novick Avenue""","""£4.70"""
"""97d34175-b9e4-4467-a69a-47b40290dcec""","""Ruthann Di Biaggi""","""313-44-0100""",43321,"""343 Eastwood Trail""","""£67.48"""
"""0b7f7d0e-e1ed-4e02-aa84-3a9099e712a6""","""Stormie Reubens""","""553-28-4605""","""11/25/2018""","""1 Washington Park""","""£18.82"""
"""68e5ce62-1b23-47d0-9fa3-c9f8eaa45f38""","""Nickie Rijkeseis""","""274-79-4108""",43112,"""2772 Golf Course Crossing""","""£23.92"""
"""7d4597ce-1621-430e-b914-88913c1af5a5""","""Robyn Ramalho""","""222-57-9091""","""10/19/2018""","""012 Daystar Circle""","""£37.29"""
"""f6ff02f4-ca1a-4dd9-97f6-a59a0e7bbbf5""","""Bobbie Stansell""","""880-81-3448""",43408,"""2 7th Hill""","""£89.32"""
"""deddc9b1-5ee5-4736-a196-36c9c509da70""","""Angy Kolin""","""656-46-6455""",43199,"""71448 Stuart Drive""","""£89.26"""
"""e2bb67e0-4974-46cc-8466-ef791bc3ffd0""","""Borg Smedmoor""","""317-74-5265""",43112,"""30 Nevada Hill""","""£97.73"""
"""4ad23031-650c-4d0c-bea1-4c509c90ca13""","""Debbie Parnall""","""775-80-7617""",43111,"""99184 Lyons Point""","""£11.33"""
"""1d2630e9-af72-452d-a49f-ccf0bff90f7a""","""Consuelo Jurek""","""179-41-0257""","""10/24/2018""","""1 Golf Parkway""","""£61.18"""
"""448afe32-a2aa-4efa-b370-f8f3e023d34c""","""Murdoch Spearett""","""404-68-4706""","""10/29/2018""","""697 Columbus Alley""","""£26.12"""
"""715a72c6-c2f8-442c-85a3-1c42178c927b""","""Lois Mansion""","""855-19-6723""","""11/30/2018""","""35763 Warbler Junction""","""£15.94"""
"""ad5a85e7-32c5-40fe-af72-dbdd1278bf39""","""Rodolphe Seakin""","""494-74-9175""","""09/23/2018""","""8561 Fisk Park""","""£39.60"""
"""265fe077-ee56-4579-9b4c-b1f0c57a9247""","""Becky Chadwin""","""385-28-4485""",43109,"""19550 Melrose Way""","""£61.22"""
"""4c7ced04-27b7-4467-8a8c-1df6930dab23""","""Bert Van der Beek""","""592-87-1731""","""02/17/2019""","""221 Spenser Street""","""£29.20"""
"""3fd82d19-e0cb-41f7-ac13-f7695bced9ae""","""Lib Naisey""","""776-14-2978""",43107,"""5 Melvin Circle""","""£40.99"""
"""01b5571a-edb7-4709-8e9e-3152a74c9e62""","""Leticia Fortnum""","""842-65-3318""",43254,"""12 Hovde Center""","""£39.12"""
"""cc82e554-2378-4a1a-b824-dc95abfd2ea6""","""Genna Harrigan""","""451-95-0035""","""01/19/2019""","""7604 Tennessee Pass""","""£8.67"""
"""dd7e1885-fc24-44c4-8875-c2fe36d358dc""","""Leontyne Davis""","""400-26-9171""",43527,"""60271 Myrtle Crossing""","""£86.73"""
"""541db961-7560-4e9c-b322-57c37c4987d1""","""Simonette Schoolfield""","""815-07-6751""","""01/14/2019""","""3 Kennedy Street""","""£69.50"""
"""1e49e908-3a95-4e20-9fac-6b86a06106df""","""Belvia Bellew""","""609-21-7934""","""01/24/2019""","""38691 1st Terrace""","""£90.25"""
"""3f3f0a22-2e9b-4171-88c2-512cf68cac45""","""Bobbe Winfrey""","""810-17-3748""","""12/25/2018""","""30 Hoard Trail""","""£23.98"""
"""17d9a524-66ee-4905-997b-342f2c41641d""","""Dorolisa Buick""","""517-22-5657""",43197,"""30 American Terrace""","""£78.10"""
"""f4707519-f46d-44c9-afb3-2968c3fc88a0""","""Kearney Muzzillo""","""749-54-7135""","""12/15/2018""","""9 Towne Avenue""","""£12.90"""
"""30b9d6f0-3937-4401-b2a2-adf067aaf317""","""Peria Varga""","""269-71-7634""","""01/26/2019""","""5 Gulseth Park""","""£39.30"""
"""a1b17430-4210-4dff-8b4d-b0f7256d6aab""","""Ciel Falshaw""","""428-29-6967""",43171,"""6 Center Plaza""","""£9.99"""
"""fb2d9307-91d8-4b99-b033-b2412282b8e5""","""Aymer Percifull""","""701-94-6725""",43258,"""6317 Lakewood Gardens Park""","""£31.81"""
"""d8f2a816-9773-418c-9e93-962cb2c16e5b""","""Dorris Sherringham""","""776-45-7723""",43354,"""0 Towne Plaza""","""£78.87"""
"""8f95ad8b-edab-4713-aa49-ae898b7253d3""","""Kylen Mc Meekan""","""144-85-6447""","""04/30/2018""","""89 Lake View Lane""","""£56.13"""
"""763e5d4e-d24a-43a7-8cfa-217fbe7efa98""","""Gilda Maskelyne""","""300-41-8484""","""02/19/2019""","""618 Brown Alley""","""£69.54"""
"""cceaaa3b-013c-408c-9ee5-4e63e72fbf24""","""Etheline Fogden""","""814-45-9723""",43347,"""72 Lakeland Terrace""","""£86.49"""
"""19f95b0d-3a5a-4768-b1d0-9d0b0e8c7ab4""","""Sherry Sandwick""","""413-60-1828""","""09/13/2018""","""10174 Anzinger Trail""","""£36.58"""
"""1741de33-105e-467e-82b0-65de609f7831""","""Cassandra Barnhill""","""434-64-9312""","""03/26/2018""","""54648 Meadow Valley Drive""","""£71.23"""
"""114c5f25-6046-4bf2-9c85-6b657336ac41""","""Imojean Whenman""","""601-51-3394""",43293,"""79532 Fuller Terrace""","""£48.96"""
"""e1341a98-d141-44ce-8043-848ff8465093""","""Carlynne Olenin""","""389-44-8196""","""02/26/2019""","""95433 Lukken Court""","""£58.19"""
"""538e780b-89d8-454d-b69e-02a07e69ccc3""","""Hy Cornelis""","""240-46-2027""",43800,"""66244 Canary Point""","""£54.50"""
"""eeae8f64-9eb4-41d1-ac80-6891b546f8a4""","""Nels Calvie""","""579-46-1753""","""12/31/2018""","""7199 Holy Cross Alley""","""£31.41"""
"""d2aad757-a213-4697-b560-6603ba2c3f7c""","""Tiebout Scarse""","""842-68-0322""",43142,"""45531 Waywood Lane""","""£91.05"""
"""27543175-944e-4ab5-95f6-a6d7da2a73a9""","""Skylar Bendel""","""610-26-4853""","""03/27/2018""","""5318 Rowland Way""","""£4.06"""
"""40689145-0e6d-4052-add2-ac7d63b07ab5""","""Myrah Craw""","""757-97-5082""","""06/29/2018""","""1 Rockefeller Parkway""","""£24.52"""
"""c3fc22b6-7fcc-4ad6-8566-1109701f20ee""","""Cleon Drillingcourt""","""363-47-0176""","""05/31/2018""","""3553 Eliot Terrace""","""£27.89"""
"""5eb45c20-7cf7-4c6c-8fb8-d575c27c6613""","""Kelcy Yacob""","""601-62-9908""",43740,"""054 Blackbird Circle""","""£96.35"""
"""ecd0aba4-1995-460e-b2e0-da9767227745""","""Farrand Antos""","""894-02-0288""","""12/29/2018""","""76428 Arkansas Pass""","""£37.50"""
"""a0af6d6c-2f8d-4b2d-be51-dab4d3247eb1""","""Adlai Cramphorn""","""892-91-5118""",43260,"""0 Forest Run Road""","""£50.81"""
"""30bb96f8-b21d-444f-9905-98671b0ffc32""","""Nessy Carnow""","""813-27-9497""","""02/13/2019""","""1 Lotheville Road""","""£24.61"""
"""06851776-2321-4b2e-822c-fe68628a0581""","""Gerladina Dillestone""","""557-10-8429""",43137,"""0 Boyd Junction""","""£51.75"""
"""4f6061cd-8635-4142-890a-8d4f00e42d21""","""Lynne Quartermaine""","""639-61-6318""",43316,"""68 Schlimgen Way""","""£84.89"""
"""5b1e8810-c880-4041-a6e7-cb68868350c0""","""Wyn Reinisch""","""810-52-4921""","""06/18/2018""","""45 Del Sol Road""","""£60.82"""
"""d5ec9b8d-5989-4ccf-87df-e7fad21068ff""","""Donal Jantel""","""615-36-9060""","""02/16/2019""","""7 Scott Circle""","""£52.38"""
"""53beffd2-dc02-470a-9f46-6c447f4983c0""","""Abby Lordon""","""476-81-6268""","""04/21/2018""","""3782 New Castle Trail""","""£12.82"""
"""256972f4-6b08-4bd9-a415-2f89332ab00c""","""Shari Greenman""","""523-45-9896""",43166,"""7436 Melvin Junction""","""£72.17"""
"""408c4979-5650-48c0-9ffc-7b382a69b3f8""","""Elset Soutar""","""751-27-5955""","""12/18/2018""","""9173 Mallard Center""","""£29.69"""
"""8063cb80-a9e2-4c62-9399-9b80c8cdcd96""","""Frederica Darragh""","""471-50-7682""","""01/17/2019""","""61 Hudson Center""","""£69.11"""
"""e36f9fce-a2b5-4198-a48f-8a7336d62f08""","""Agace Kynaston""","""475-72-4644""","""02/17/2019""","""10222 Cottonwood Drive""","""£56.80"""
"""1e1c063a-cd63-425c-980d-c6d294e4c60f""","""Orlando Twaite""","""335-75-0104""",43138,"""34 Brentwood Drive""","""£95.40"""
"""a8233c08-2c6d-4ae2-bd4f-5f5f1578be44""","""Cicely Mattiazzo""","""876-51-5275""","""05/29/2018""","""98352 Macpherson Point""","""£22.50"""
"""69847721-144d-40c7-92a0-d87979df5497""","""Cornell Phlipon""","""225-75-4391""",43165,"""6 Vernon Circle""","""£71.36"""
"""5b258a9f-cf20-4f68-91dd-bb30384bd86c""","""Reggis Bricham""","""778-76-1464""",43164,"""88113 Goodland Place""","""£5.05"""
"""f8dd9fd2-92e3-4a0e-b4d7-3193669c20dd""","""Arlina Marlowe""","""721-41-0466""","""08/23/2018""","""7 Lunder Crossing""","""£86.14"""
"""1b5b177a-db3a-447d-a7e5-ba11ef585d38""","""Abbi Tutsell""","""792-27-1040""","""06/30/2018""","""12 Dovetail Alley""","""£94.10"""
"""eadda38b-094a-4cac-99c8-e8ae76361dba""","""Hamlen Hillyatt""","""633-41-9760""","""05/24/2018""","""794 Montana Pass""","""£15.80"""
"""f8d894d6-0c28-4209-902e-488493ae426d""","""Sadella Blackway""","""449-56-8102""",43497,"""05 Mallory Hill""","""£75.61"""
"""7b388544-b749-4946-9d32-7e3e1f02e241""","""Luella Roan""","""643-98-5646""",43261,"""226 Haas Road""","""£15.58"""
"""9f4eca9f-a016-459b-b14a-8a0b294c5f36""","""Starla Chapell""","""899-97-1575""","""01/21/2019""","""55 Harper Center""","""£99.56"""
"""ddfa4f86-a496-4598-9c55-8a398da5932d""","""Stephan Stannas""","""600-16-6271""","""03/14/2018""","""9 Corben Court""","""£84.51"""
"""5ac5136a-6ebd-4f70-b12e-b735ee2e2364""","""Ericha Biscomb""","""767-81-3917""","""06/20/2018""","""75718 Green Alley""","""£30.18"""
"""cb63774a-9b51-4e14-ab48-591604bd2d5a""","""Nanny Grigoliis""","""109-21-1220""",43587,"""39516 Tomscot Point""","""£98.62"""
"""f60c54d0-d4e5-46e6-9e9f-159206cd56c4""","""Estrellita Halloran""","""421-02-6486""","""06/24/2018""","""0555 Ohio Park""","""£42.26"""
"""3b21a261-0d88-4b55-80c1-5a616012edd2""","""Dasha Buyers""","""505-94-8907""","""03/28/2018""","""5446 Utah Trail""","""£44.82"""
"""5c35a2a6-7c9b-4a04-ac07-b78c72f002ff""","""Inez Fawdry""","""536-80-3341""",43290,"""4757 Cherokee Pass""","""£53.24"""
"""fa4ac239-ae12-40a4-9215-699cd89ae846""","""Teddi Blick""","""667-74-8715""",43380,"""2172 Hoffman Center""","""£46.12"""
"""f5340304-0f56-40df-83bf-386df9f4497d""","""Anthea Kirtland""","""657-44-1393""",43411,"""708 Porter Way""","""£66.65"""
"""560832c9-b528-432e-940e-c6e78767f18e""","""Gilbert Heyworth""","""520-65-2496""","""07/28/2018""","""850 Mockingbird Trail""","""£61.18"""
"""c4d0efed-df21-463a-ae79-30b24fd0fe38""","""Jasmina Cess""","""679-28-6213""",43497,"""63 Fairview Drive""","""£85.58"""
"""c9bf6198-a7a0-42e4-8039-c7d5c7ff1ead""","""Sibella Spriddle""","""705-03-0515""",43322,"""8 Cottonwood Lane""","""£32.32"""
"""3308a02a-3f30-4028-8760-65f27fb86e51""","""Caty Greatbach""","""491-20-3435""","""08/31/2018""","""97 Mesta Plaza""","""£91.38"""
"""23e1395c-ddeb-4333-b360-56f7f71667ae""","""Sosanna Bothram""","""692-34-3195""",43647,"""58 Harper Way""","""£35.03"""
"""a30277f0-0f49-40ba-998f-b7a3bf01730f""","""Harmonia Hitchens""","""373-45-3068""","""04/18/2018""","""549 Old Gate Pass""","""£5.66"""
"""800d4c3d-8ee8-451c-8885-af6c5215e8db""","""Heddi Durden""","""558-95-6357""",43709,"""4 Nancy Court""","""£47.76"""
"""d5f48588-dee8-4f1b-9722-1fa693347ed6""","""Yankee Baitman""","""791-08-9963""",43351,"""07898 Dovetail Terrace""","""£59.23"""
"""1c48e96d-effd-47d7-a2b7-04ae388d9dfe""","""Turner Vase""","""813-92-2243""","""11/23/2018""","""614 Novick Center""","""£26.72"""
"""171623bd-6c3a-45df-9773-9dcc33517b58""","""Sibilla Lowndsbrough""","""226-08-4238""","""08/19/2018""","""5285 Jana Road""","""£90.10"""
"""379d1910-8b8b-4836-a603-d517527c0beb""","""Yale Tippler""","""354-77-5043""",43498,"""2 Hayes Junction""","""£22.11"""
"""10ac36a2-7a1e-4e91-a910-43fd8193d7ef""","""Sari Walbridge""","""134-25-1699""","""05/21/2018""","""417 Bellgrove Alley""","""£75.13"""
"""b239284b-06c3-4b97-91b8-62e8689a6f67""","""Dasie Fitzackerley""","""520-41-4250""","""11/19/2018""","""59724 Westridge Hill""","""£27.25"""
"""64084d02-c3a4-4563-bba3-09607010c5a3""","""Jackie Gildroy""","""415-72-5406""","""08/24/2018""","""145 Troy Alley""","""£43.73"""
"""9d832561-6d4b-4830-b1fc-3af8cda389dc""","""Felecia Wood""","""534-95-3353""",43619,"""3 Reinke Plaza""","""£44.04"""
"""1cb88427-ec7e-477a-957b-cd63f0f48749""","""Chickie Seakes""","""700-69-0734""",43256,"""739 Stephen Hill""","""£39.99"""
"""29cc51ed-87b3-49e6-9e37-7c2d96705c53""","""Beck Holcroft""","""716-01-6931""",43412,"""36188 Southridge Pass""","""£29.26"""
"""3473a2d1-411f-41f1-b9ca-673eb55d5c73""","""Candide Silverwood""","""654-34-2837""","""01/23/2019""","""4667 Mosinee Parkway""","""£25.90"""
"""10f1b617-959c-46cc-acbe-fd6d1a664c41""","""Maggy Sutheran""","""584-99-6413""","""04/24/2018""","""97 Northland Parkway""","""£71.05"""
"""818190e8-7388-4667-b5cd-1f1013dd8bab""","""Kahlil Seebert""","""882-02-4850""","""11/29/2018""","""85661 Fisk Junction""","""£17.77"""
"""2dde9e3d-1941-427c-8fd2-bd01debaa1fd""","""Eberhard Rove""","""755-73-1340""",43525,"""78 Everett Junction""","""£27.50"""
"""cc63dea0-645c-45aa-8f44-2ebd7367af7e""","""Elysha Wilding""","""633-22-0089""","""10/23/2018""","""6137 Delladonna Place""","""£95.11"""
"""21789b84-0604-4d11-a075-98ea63699c7a""","""Adlai Benson""","""486-50-4477""","""10/15/2018""","""52 Mayfield Terrace""","""£22.23"""
"""956623e6-c40d-4a08-92cb-810410c503d5""","""Ludwig Hansed""","""469-72-6014""","""01/19/2019""","""5 Anhalt Way""","""£38.65"""
"""50a52d16-c9e9-4de9-8be7-d3f7bd97f3ea""","""Audy Duchenne""","""892-98-5332""",43678,"""0518 Judy Circle""","""£5.40"""
"""51b9c2c0-2cbf-48db-9f11-cf9a01d619d0""","""Bendite McAdam""","""146-93-1158""",43228,"""1 Melrose Place""","""£70.51"""
"""29a5a377-c5d4-4e4c-9db1-de5b88f385df""","""Mordecai Brear""","""704-58-8994""",43104,"""65929 Hoffman Road""","""£83.32"""
"""332bd8ca-a288-4b6f-9211-63c65ad50930""","""Lyon Haskur""","""846-21-1311""","""04/29/2018""","""05 Eastwood Road""","""£80.74"""
"""8689a0f2-1984-4d9c-b5f7-979e3d05475d""","""Genvieve Craighead""","""729-71-1619""","""12/26/2018""","""0 Anzinger Plaza""","""£96.33"""
"""34282b86-b1d0-44f5-8884-352db55150a4""","""Mick Beartup""","""690-82-2913""","""09/13/2018""","""719 Daystar Center""","""£81.90"""
"""52f53c10-9ecf-4c63-899e-1931036c7dd2""","""Simeon Skeggs""","""404-60-7686""",43648,"""3 Maywood Hill""","""£59.94"""
"""ba2f24fa-e16e-42af-9773-5357da68f18d""","""Tab Nickoll""","""263-25-9625""",43171,"""609 Marcy Circle""","""£73.09"""
"""9a534e89-79b2-4e2a-b269-6a159e6d06c9""","""Florrie Tunaclift""","""314-33-7692""","""09/26/2018""","""3094 Birchwood Street""","""£94.39"""
"""523f41c2-2542-4dc7-888b-3407a4fee7ca""","""Bethena Roly""","""418-27-4295""",43801,"""57148 Lindbergh Parkway""","""£9.12"""
"""9766caf0-47ef-437f-8076-e58e54fb8629""","""Batholomew Rydzynski""","""432-82-5730""",43618,"""0 Hooker Court""","""£94.42"""
"""8c805458-b057-410e-a04b-17b9fff9a93c""","""Rianon Fabri""","""341-72-4272""",43498,"""45284 Lyons Street""","""£92.10"""
"""c02bc892-abc8-4d7d-99a8-cbd14f94ed57""","""Binny Follan""","""160-65-4878""",43136,"""86267 1st Center""","""£55.17"""
"""23124748-fcf9-4546-9111-9acc05145e53""","""Beniamino Drogan""","""152-10-7708""","""05/17/2018""","""12239 Caliangt Way""","""£25.41"""
"""e12e56da-5c53-4157-8d35-d6a1eb16f281""","""Nert Kerne""","""741-65-8838""","""05/25/2018""","""34 Truax Parkway""","""£9.13"""
"""0baad549-46e9-4917-9fb4-e83250c279d1""","""Nicolette Andrzejowski""","""205-88-9489""","""01/28/2019""","""03432 Union Court""","""£70.03"""
"""f461d273-b52e-456f-a325-84d9d82ffeb1""","""Lauritz Bikker""","""817-91-3777""",43467,"""5427 Oak Valley Trail""","""£77.98"""
"""0c777e72-cc06-40db-adf7-d325e050af6e""","""Sigfried Jumel""","""860-45-6613""","""08/16/2018""","""31 Meadow Vale Trail""","""£26.09"""
"""0927c84e-a3fa-4396-9a83-161d6a815b94""","""Calley Alexandrou""","""317-92-2316""",43440,"""8429 Moland Junction""","""£49.77"""
"""1dc1ff2e-808b-40fe-a93f-2857c8fcecc8""","""Lucy Barclay""","""365-59-8124""",43164,"""54582 Mifflin Center""","""£20.96"""
"""ac20b004-e1aa-46dc-a703-37b29cef0cdf""","""Emlynne Tapsfield""","""500-17-7424""","""08/18/2018""","""29 Kropf Place""","""£91.31"""
"""ae204bb4-4ad8-494d-a399-dcfeed301f4d""","""Margret Avey""","""708-12-3978""","""06/22/2018""","""3882 American Point""","""£14.19"""
"""6df60b43-d104-4e25-8ef4-529fa0292abd""","""Everard Heugh""","""490-20-5089""",43556,"""05 Bowman Trail""","""£10.62"""
"""8a5e6948-48ea-4006-81a3-71b03ae43bae""","""Alfons Travis""","""325-27-5020""","""10/29/2018""","""30 Duke Park""","""£23.41"""
"""0ea0dd13-144b-4283-a785-7eac16687b2f""","""Gerda Grenkov""","""117-46-9117""",43195,"""42 David Drive""","""£78.78"""
"""cc5e02dc-bc23-49b2-bcf8-b13546a1a0ca""","""Ilse Benduhn""","""641-74-4471""",43588,"""8 Delladonna Crossing""","""£25.06"""
"""e47e26f6-2b18-4664-a9a7-eee3a60005f5""","""Oriana Desquesnes""","""459-97-7481""",43355,"""6 Goodland Court""","""£68.95"""
"""8b1fc03f-5265-4c28-a9a5-cb642a435ab1""","""Salome Leggen""","""152-20-0602""",43224,"""2772 Farragut Crossing""","""£15.05"""
"""ffa36f8f-95e4-4959-87b5-b3b13925f883""","""Eduard Bullin""","""495-43-8501""","""08/26/2018""","""61 Rutledge Junction""","""£24.33"""
"""9d81220f-51c1-4cf6-a49b-fd02092e4a60""","""Shandra Loncaster""","""535-59-8762""",43285,"""91840 Hayes Junction""","""£82.48"""
"""12f6bfa6-4ecb-4213-b49a-ed5b2883bb03""","""Kristyn Ellerbeck""","""792-55-5682""",43617,"""238 Caliangt Junction""","""£56.04"""
"""40802463-2541-45c9-ad4b-82b9ae799683""","""Jaine Costan""","""787-86-9468""","""01/13/2019""","""9565 Sloan Drive""","""£32.38"""
"""1d79344c-4036-4de4-9204-58d5c2f232d7""","""Alleen Bucher""","""762-86-4971""","""07/26/2018""","""71 Porter Place""","""£68.80"""
"""9ca3e525-a025-4e94-8222-3ede1415ae8e""","""Colline Waumsley""","""348-59-8353""",43647,"""70 Donald Lane""","""£78.14"""
"""6ff6eb75-c78a-4817-9af7-05f9628af4c0""","""Rana Orrow""","""404-85-1087""","""03/20/2018""","""14 Dixon Street""","""£6.94"""
"""dd91ef97-f96e-4047-bc01-15e7b34579f6""","""Arabela Spowart""","""319-55-8367""","""10/16/2018""","""6 Buell Crossing""","""£24.49"""
"""79cc8cb9-cdd7-490e-9d1f-abd843757645""","""Hope Adnam""","""347-11-2295""","""06/30/2018""","""98 Laurel Parkway""","""£84.14"""
"""e5d92bdb-c590-443e-b198-7a2783e24f20""","""Richy Ebanks""","""730-87-0025""",43197,"""6373 Knutson Parkway""","""£25.87"""
"""9c68ab82-6b0e-465a-b4ac-a571679794bb""","""Sibilla Scamaden""","""608-27-2939""","""12/21/2018""","""41 Lyons Road""","""£94.48"""
"""b19bede6-cc08-4e60-998b-67aa11d8347b""","""Sigismond Rapaport""","""528-38-8687""","""09/26/2018""","""9552 Arizona Parkway""","""£55.43"""
"""0d235a56-e744-4ff8-a6dc-b1846a79149f""","""Nathaniel Storrier""","""494-14-9702""","""05/20/2018""","""607 Saint Paul Place""","""£58.46"""
"""19360551-8743-46ff-8e9b-edc4bc28d73f""","""Nathanael O'Corhane""","""482-26-9325""","""02/19/2019""","""2 Lindbergh Center""","""£88.29"""
"""6b597b74-11db-4bf0-a7a0-5286dc60c9f1""","""Sapphira Patillo""","""422-47-5510""","""03/29/2018""","""1 Almo Crossing""","""£13.34"""
"""36e6f826-1abe-4fc0-b99b-7d7a69b417ab""","""Lynda Entres""","""603-95-9147""",43586,"""378 Lawn Center""","""£11.05"""
"""c0774851-1d6a-4696-a7fe-81a3350d1399""","""Kellina Robertz""","""807-52-4742""","""09/14/2018""","""7 Mallard Hill""","""£50.13"""
"""8d08271a-011e-413e-9be0-439e2c480f83""","""Stevena Weinham""","""788-35-4668""","""08/15/2018""","""734 Calypso Avenue""","""£84.78"""
"""b00b7a4b-404c-4c0d-bbec-00b02cd799a2""","""Dallon Himsworth""","""606-13-6222""","""07/21/2018""","""4636 Union Street""","""£17.81"""
"""6f2ea918-4fc5-427b-93e0-73f95156a503""","""Nate Zellick""","""273-16-0489""",43376,"""97 Fairfield Point""","""£4.15"""
"""4e724592-ac92-47ac-b93e-dec11bd83bcb""","""Gordy Jerrim""","""601-28-2775""",43139,"""5096 West Parkway""","""£60.30"""
"""678bf714-3dae-49c4-a5d5-b314f453308b""","""Madlen Eicke""","""137-89-5311""","""02/16/2019""","""720 Bobwhite Street""","""£65.47"""
"""074ca887-721c-4035-8a9e-66aea113deda""","""Deb Jellman""","""359-30-8280""","""08/23/2018""","""99472 Mallard Trail""","""£56.62"""
"""4ee82202-4050-42e7-a8dc-ee7dd719f042""","""Lenna Jarred""","""197-65-0172""",43413,"""805 Arizona Place""","""£61.91"""
"""87506ce9-4207-40a9-b3f6-0cb7a4e1040e""","""Julian Dowrey""","""843-07-9556""","""04/29/2018""","""1 Grayhawk Park""","""£65.98"""
"""e8cf41c1-73f3-4ecb-93cb-df8136ba7ab1""","""Karole Ferries""","""167-05-0427""",43104,"""2487 Sommers Park""","""£30.15"""
"""e61de740-5dbd-4522-8f44-ec319056a3d6""","""Eyde Skeath""","""453-05-7478""","""05/16/2018""","""7 Walton Junction""","""£97.37"""
"""b69e43da-b4a9-4bb0-972e-132e0f6af258""","""Janot Gallichiccio""","""617-40-5296""",43231,"""9135 Sutteridge Lane""","""£78.92"""
"""4b88d16b-cf47-4c43-9e9c-3df3ca470fed""","""Theodore Estrella""","""238-23-0927""","""06/23/2018""","""9704 Cottonwood Plaza""","""£44.39"""
"""388f1804-f105-4965-b3eb-aca5acba999d""","""Will Tierny""","""289-45-4272""","""06/17/2018""","""12465 Meadow Ridge Court""","""£80.86"""
"""3c0545fd-1465-4c4c-bd4e-7e243e40522f""","""Paco Oxtiby""","""150-49-4591""","""04/19/2018""","""029 Riverside Plaza""","""£50.71"""
"""4cea33ac-571d-4d08-9dbc-0022b45875ba""","""Jenelle Wain""","""478-42-5858""","""07/14/2018""","""51 Londonderry Pass""","""£26.83"""
"""7de408e5-d928-42e6-9136-52c22cd20110""","""Magdalen McMurray""","""695-57-2513""","""12/26/2018""","""683 Iowa Way""","""£20.77"""
"""e15b091c-d280-4154-b0dd-7e627ea4397c""","""Bertram Marques""","""882-03-2426""",43255,"""294 Arrowood Court""","""£40.42"""
"""86f3df51-5598-4196-87dd-905bda473f88""","""Rollin Polendine""","""284-16-1543""","""07/22/2018""","""1707 Butterfield Place""","""£98.12"""
"""42817675-f6d7-49ae-af36-015f281f332e""","""Issiah Cometto""","""226-01-2142""","""11/29/2018""","""7479 Summerview Plaza""","""£8.08"""
"""645f9214-5b59-4bff-84ee-ceed4a02222c""","""Minnnie Schowenburg""","""761-87-9244""","""08/19/2018""","""80 Forest Run Place""","""£56.35"""
"""8f3e5881-e0ab-4bb1-8f37-c273bb865304""","""Debbie Babe""","""746-91-8383""",43647,"""8 Merchant Trail""","""£46.41"""
"""136e8be4-503b-416c-ab7a-01b97ee51b4e""","""Wilburt Riddall""","""164-76-9702""","""05/23/2018""","""94385 Oakridge Park""","""£51.75"""
"""af80f7d4-a646-42b7-9118-76175d3aadf3""","""Mavis Portis""","""145-50-0335""","""03/28/2018""","""80205 Anzinger Drive""","""£32.19"""
"""9ef207aa-b5b0-4f86-9444-b7df097902c5""","""Corri Jirak""","""472-28-6871""",43466,"""102 Loftsgordon Lane""","""£7.23"""
"""90f208bb-5c5e-47be-9db5-74537ac420f3""","""Ogdan Spelwood""","""865-49-1463""","""05/14/2018""","""3 Delladonna Way""","""£48.41"""
"""ce64450a-5cd8-4f32-90ed-3e1e11f3bb37""","""Broderick Backes""","""459-98-7851""","""12/19/2018""","""39457 Larry Point""","""£42.24"""
"""c49b187d-536c-41a8-a510-f16d4de21d6d""","""Elka Starmont""","""602-51-2667""","""08/18/2018""","""91833 Lillian Way""","""£50.01"""
"""5d875119-a967-41c8-bfeb-a01b0daf4d2b""","""Maud Stoffersen""","""384-22-7438""","""01/28/2019""","""75803 Knutson Trail""","""£96.98"""
"""84d565d2-e2d5-4582-af7d-751ad92265da""","""Salomo Gland""","""108-17-4975""","""12/28/2018""","""3749 Claremont Plaza""","""£79.55"""
"""5cb2e15b-2a38-4989-b016-cb14a2a54702""","""Lucia Ayto""","""211-11-5484""","""03/28/2018""","""91 Grover Road""","""£23.90"""
"""bf291b23-648b-45ac-9e2a-5e636a9cd617""","""Cindra Davidowich""","""873-56-1667""","""10/18/2018""","""01822 Oxford Alley""","""£55.47"""
"""53290387-48c6-49aa-92c1-7ce454587c60""","""Morgan Steutly""","""446-22-3481""",43286,"""8805 Tomscot Parkway""","""£33.36"""
"""98ad1dc2-7b9b-42ee-9c37-270cecfb18c6""","""Cinda Starking""","""490-18-1562""","""04/27/2018""","""8786 Blue Bill Park Alley""","""£13.89"""
"""3f5bf6b1-b0a8-4e3b-9113-b5b848607b89""","""Fredra Giorgielli""","""246-97-8958""",43139,"""76874 Arapahoe Pass""","""£34.35"""
"""a82de100-7686-4a74-a3b4-fc1e2be15e20""","""Constantino Parnaby""","""156-69-2165""",43112,"""52366 Stoughton Alley""","""£92.80"""
"""bbd08eaf-cfd5-4c24-a728-79daca338bee""","""Pru Cottie""","""709-66-0016""",43104,"""2472 Holmberg Lane""","""£81.96"""
"""b4d9e3b3-92e9-423d-b248-634675d9c75d""","""Christoforo Auton""","""197-48-9151""","""10/13/2018""","""53872 Twin Pines Street""","""£10.53"""
"""dcf70d9a-556b-4483-a664-73a8f0ac1c51""","""Madge Bafford""","""534-66-3456""",43380,"""934 Almo Alley""","""£53.11"""
"""fd744176-bc64-49b8-a6e6-f789ff580014""","""Gavra Oger""","""289-33-4712""","""08/28/2018""","""8 Scoville Crossing""","""£19.86"""
"""0ed53706-e88d-412e-9d42-4b6a34c41e7c""","""Merl Argent""","""229-38-5182""","""05/16/2018""","""62777 Trailsway Plaza""","""£73.50"""
"""10560503-4ecc-46e1-b111-ff60c2f8936d""","""Aviva Humble""","""367-44-8895""","""11/21/2018""","""723 Algoma Park""","""£94.24"""
"""dc88db39-a5a5-4b86-a949-d6c2d6f41b81""","""Gaspard Grimwood""","""496-79-7862""",43112,"""8984 Carioca Crossing""","""£41.55"""
"""d25dd7ad-01fe-44a0-9450-9d47db9765dd""","""Rafaellle Del Monte""","""563-07-3189""",43170,"""304 Fairfield Plaza""","""£58.18"""
"""7d18ee87-0bce-4d93-93dd-367a353ac25a""","""Heywood Marzelli""","""183-26-4368""","""02/15/2019""","""66 Esch Junction""","""£21.77"""
"""20b96408-cb06-47d4-8c36-2d67b9d32e5e""","""Spenser Cornish""","""880-59-1905""","""06/14/2018""","""2 Havey Lane""","""£42.53"""
"""d418cf80-357c-4383-94b0-e2a97221e3d8""","""Zerk Hoyer""","""474-88-6728""","""03/26/2018""","""93 Fieldstone Circle""","""£92.39"""
"""6dbe3309-906e-4fc1-931e-38e48d253b64""","""Toni Bembridge""","""849-25-7517""","""01/22/2019""","""95826 Wayridge Road""","""£89.07"""
"""001100e7-9504-4e30-909c-59c55fdd5f90""","""Allyn Van Son""","""169-84-1608""","""07/30/2018""","""1318 Duke Street""","""£30.97"""
"""a41f4b52-3447-4376-8f0c-7f0bf0c0c862""","""Lenore Wulfinger""","""383-77-4988""",43196,"""5 Tennessee Hill""","""£68.98"""
"""386f7648-092d-4585-9730-9a417ce4c620""","""Fallon Main""","""679-31-5215""","""09/29/2018""","""7 Ohio Point""","""£86.59"""
"""5e64dd92-e309-4acf-82b0-2b38d68002da""","""Vail Ipwell""","""371-87-3393""",43324,"""349 Banding Drive""","""£78.21"""
"""9c7f0eae-82cc-4abd-9419-fffe7fe20e9d""","""Charlot Owers""","""822-82-5060""",43587,"""0 Kensington Junction""","""£44.33"""
"""91fb750d-15b4-465e-b56a-d1bcbcc6da26""","""Gennifer Cawtheray""","""792-98-5047""","""11/16/2018""","""1826 Paget Court""","""£59.12"""
"""6e992c48-6135-438b-ab98-e66c3b233da6""","""Den Scotchmor""","""375-76-9284""","""10/17/2018""","""4424 Crownhardt Point""","""£9.69"""
"""b0a27d56-075b-475d-a767-d1b78eb2c381""","""Edvard McHan""","""357-42-1483""","""11/18/2018""","""3688 Paget Alley""","""£42.38"""
"""06ec65ca-b34d-4e93-a487-1c62018d7f29""","""Wallace Maffezzoli""","""222-66-1171""","""07/23/2018""","""0 Victoria Terrace""","""£57.81"""
"""ae4050bf-f477-41c5-a2fe-ddd3af0b2047""","""Miriam Corkan""","""611-46-0166""",43445,"""61 Chinook Place""","""£15.25"""
"""6f47ad09-5c44-4bd9-92f9-99520d0cb16a""","""Caril Northey""","""650-10-7318""",43168,"""3 Fairfield Lane""","""£97.24"""
"""8f05558a-83fb-4fe4-87dc-eb4bcce3b5b6""","""Locke Karim""","""757-02-8883""",43110,"""5 International Junction""","""£51.16"""
"""86b94e15-6298-4ca0-b444-fec5e4762c87""","""Adelice Chang""","""441-11-4132""",43318,"""287 Londonderry Pass""","""£16.58"""
"""d3619845-4116-4dae-bce3-047710b2a51a""","""Bernadene Deighton""","""654-12-3358""",43648,"""568 Vermont Court""","""£26.11"""
"""90d85750-d783-4260-b14a-917cdf81f200""","""Lorne Bucknell""","""764-33-5890""",43587,"""776 Bayside Way""","""£96.31"""
"""489ba384-a629-4c59-a538-c15e760e8d39""","""Leanor Crittal""","""452-95-5622""","""01/16/2019""","""44361 Oneill Parkway""","""£40.72"""
"""c650a52c-9fca-4a7e-8057-3f1b6ae13dcf""","""Margit Jagiello""","""295-37-2035""",43226,"""181 Nancy Alley""","""£72.58"""
"""f415b4cc-2003-47c0-be2f-427209caed62""","""Gill Doorbar""","""762-42-1607""",43800,"""0 Leroy Avenue""","""£32.18"""
"""5f370780-dd17-49c4-b761-239b5f153a3b""","""Mathian Dullard""","""757-12-5497""","""12/17/2018""","""22 Amoth Avenue""","""£78.73"""
"""3c95eb04-893b-4383-8c7f-262a4ad4e940""","""Cordy Bresner""","""271-17-5892""","""01/14/2019""","""384 Erie Point""","""£35.37"""
"""5cc222d9-60f8-4ae0-b7a4-335381715db4""","""Prue Densumbe""","""817-50-3350""",43437,"""17 Clarendon Road""","""£27.95"""
"""5aa7a467-b8c6-4092-ab70-c0735fe07c5f""","""Roy Collar""","""288-44-7687""","""09/19/2018""","""068 Judy Road""","""£13.81"""
"""8b45c073-f061-45e6-955c-790ad301044a""","""Aleda Kemish""","""237-29-0840""","""08/18/2018""","""35307 Di Loreto Pass""","""£15.78"""
"""78832b26-b0cb-4f8f-a406-5da34707f27b""","""Sofie Barkway""","""129-05-9146""","""09/30/2018""","""561 Hintze Drive""","""£7.40"""
"""b45751f9-4750-44bf-ba1c-aefe1521c31b""","""Micki Gosdin""","""298-43-2486""","""04/21/2018""","""13 Morrow Center""","""£8.46"""
"""b8dc1eac-2caa-4407-a39a-b30070ddda5d""","""Halimeda Seint""","""867-44-3514""","""03/13/2018""","""04152 Crest Line Road""","""£17.08"""
"""e8e19a21-8380-43e6-a00c-2396408ec28a""","""Rollin Crew""","""422-32-3702""","""09/20/2018""","""89 Fulton Hill""","""£76.28"""
"""280e63c2-ca4a-44f2-b498-c05067920f69""","""Milena Nickels""","""750-54-0551""","""08/18/2018""","""975 Rusk Court""","""£68.65"""
"""2c4ac2b5-4e01-4015-ba42-03567b30a0f2""","""Guglielma Lafontaine""","""650-95-4344""",43354,"""3 Old Gate Park""","""£38.18"""
"""f799853d-5bbb-4c4d-8fa9-af19d7e208a4""","""Marjy Bust""","""814-87-7008""","""11/19/2018""","""1265 Schurz Road""","""£25.87"""
"""ebb638a3-9ecb-4c5a-9dec-82863f2de367""","""Freedman Cawker""","""585-23-7579""","""09/25/2018""","""99 Troy Plaza""","""£99.86"""
"""a5d80905-86d3-4482-a089-57fc7cdf7e8e""","""Nedi McAlees""","""354-79-0851""","""12/28/2018""","""66371 Vidon Avenue""","""£85.42"""
"""b3e892af-a2d9-4ce0-96f2-b6138009746f""","""Torin Isham""","""402-17-6772""",43258,"""8310 Fremont Road""","""£7.79"""
"""3ebae8d7-89f5-40fe-a926-cefa13e0fdb8""","""Phyllis Piatti""","""560-42-9256""","""05/16/2018""","""5 Dahle Way""","""£28.13"""
"""341239a1-3909-4461-9222-940185733634""","""Meir Stickells""","""414-67-3559""","""10/20/2018""","""15 Melody Crossing""","""£41.99"""
"""42b288f7-d496-472e-986c-0e3fc3b60fb4""","""Kevon Poley""","""518-84-9462""",43411,"""321 Michigan Center""","""£20.08"""
"""7132c653-d1a0-4b5e-99c6-b35bad4cdb07""","""Bari Manterfield""","""594-74-2720""","""11/22/2018""","""10261 Manley Place""","""£60.18"""
"""db8147b5-1644-412d-ba90-88f296fe85d6""","""Rockwell Kindle""","""564-11-1696""",43197,"""34 Briar Crest Terrace""","""£84.55"""
"""b051bd4f-5930-460a-af72-7cc4e3d7d686""","""Loleta Crush""","""797-74-2377""","""12/20/2018""","""28562 Parkside Pass""","""£53.05"""
"""f6be3f13-f09f-46fb-bff7-da6c67996ab6""","""Cahra Blundan""","""238-44-8725""",43440,"""20601 Rowland Street""","""£87.50"""
"""994beb8d-ec9a-431d-bd89-9f092b650b3e""","""Jose Soltan""","""352-80-7245""","""10/18/2018""","""91975 Clarendon Park""","""£54.52"""
"""f237ee0c-f598-4a9e-8186-47b40d5e4bfb""","""Jacobo Connar""","""554-23-3511""","""08/26/2018""","""86650 Graceland Avenue""","""£55.94"""
"""282c0427-bc27-4181-ad47-d8fce33c8288""","""Betta Duddell""","""787-18-4223""","""05/31/2018""","""7 Marcy Drive""","""£86.35"""
"""f47c8689-8a7b-4cf1-b8ed-e2df8dad41c2""","""Karim Whild""","""476-17-5869""","""07/31/2018""","""1 Mallory Trail""","""£54.99"""
"""0a881ffa-411f-4706-ae1f-dfdc36632881""","""Vivyan Slatcher""","""852-81-1945""",43167,"""7 Transport Parkway""","""£91.59"""
"""375d9803-f6a0-44e1-9696-390955945398""","""Latashia Mechem""","""858-18-1522""","""09/13/2018""","""70 Onsgard Place""","""£39.66"""
"""64e2a8e4-0cbf-485c-a25a-9996d4202634""","""Ilene Attreed""","""154-17-6130""",43196,"""0 Warbler Trail""","""£91.95"""
"""206a3d27-23e9-4e17-997e-b60c897be231""","""Dorry Benford""","""308-63-4780""","""06/15/2018""","""9 Clove Terrace""","""£12.76"""
"""2eb23e25-0c72-464e-8459-7a72af40230f""","""Betti Guion""","""232-71-7527""","""01/29/2019""","""4578 Carberry Trail""","""£51.81"""
"""2d4e7e19-2571-4298-8a76-f15ca6478851""","""Lonee Snedden""","""866-09-6972""",43165,"""6251 Corry Alley""","""£99.55"""
"""910eaadc-7683-4dad-a669-0c318f43556b""","""Franklin Nellis""","""261-71-9303""","""12/13/2018""","""61 Portage Place""","""£65.91"""
"""40fb779f-1e87-4e98-a7cc-4514d37a7766""","""Rosalind Mussington""","""753-05-3041""",43380,"""56460 Glendale Pass""","""£9.61"""
"""337e81e0-7a1c-4a47-b178-b82c18592be1""","""Frances Hobbert""","""347-24-4395""",43740,"""67211 Mariners Cove Parkway""","""£62.41"""
"""da40263a-86b1-4664-88bc-1024a7b6e509""","""Delmar Nucciotti""","""567-86-6820""","""01/17/2019""","""49505 Division Place""","""£9.18"""
"""9df3691e-97e6-4df9-b66b-4813867429a4""","""Josephine Kimmins""","""138-22-9460""",43111,"""835 Forest Dale Crossing""","""£63.62"""
"""5bb106d3-2f66-4f9c-a563-c7b4c800859a""","""Gerrilee Harse""","""844-22-4216""",43229,"""72683 Mcbride Way""","""£68.16"""
"""71aba67f-9ca1-42a8-bea9-8c85ec2653c8""","""Field Maddocks""","""782-21-7762""","""05/14/2018""","""6 Thierer Lane""","""£53.28"""
"""2a5a5766-586c-413e-a052-0d2d3ab6ee8c""","""Zonnya Scanes""","""893-81-0161""","""01/20/2019""","""28 Jay Avenue""","""£23.64"""
"""5e8d8298-48d0-40d7-97d3-6310b26b8e86""","""Sherwood Luter""","""462-57-6847""",43164,"""227 Dahle Court""","""£25.18"""
"""b2de1f74-62f9-4992-b646-0ca20176e988""","""Lancelot Baptie""","""176-21-6753""",43135,"""6 Golf Course Center""","""£89.38"""
"""7ad3d52c-e9f9-4e77-93b8-de8127543512""","""Cassi Otridge""","""396-05-0294""",43316,"""0655 Mcbride Street""","""£27.85"""
"""5eaded1a-9f14-4b96-a9ec-9e2fd8e6f972""","""Cody Gainsford""","""696-50-7276""","""09/15/2018""","""1766 Blue Bill Park Alley""","""£90.60"""
"""33af5cff-10e9-426c-9149-a3b1aa15f527""","""Donnie Hartright""","""186-20-6905""",43384,"""2619 Prairie Rose Parkway""","""£66.33"""
"""abc03aa6-e52e-4edd-8981-54f1d7e22a28""","""Kelly Miklem""","""862-85-5819""","""09/14/2018""","""83380 Oxford Avenue""","""£17.39"""
"""3fd0a71f-2119-45d8-ae8f-a12f65b6a088""","""Willy Piscot""","""651-68-1965""","""07/27/2018""","""6 Alpine Drive""","""£81.76"""
"""7110fa15-73d2-42ef-9eeb-7cdc9c4b63fa""","""Peyter Lorimer""","""103-51-0419""",43679,"""8537 Carberry Street""","""£86.03"""
"""e2908146-6ce2-4b5c-81c2-279c1412a0d1""","""Val Brailsford""","""327-76-2979""",43414,"""82052 Sutteridge Alley""","""£38.15"""
"""b1c2b582-27e3-435a-a334-da41fd54abe8""","""Perl Drewry""","""325-34-1342""","""11/16/2018""","""7242 Karstens Plaza""","""£29.37"""
"""33de6506-5361-4ca8-b17a-5946a8425743""","""Gertruda McKeurtan""","""200-71-7146""","""07/31/2018""","""762 Kenwood Point""","""£20.78"""
"""371bddbc-8f58-4e88-8e1b-e201926bb44c""","""Ingamar Hardware""","""856-35-2650""","""03/13/2018""","""95 Kingsford Pass""","""£52.30"""
"""b7b81612-9af7-4346-8ce2-75837661f5a6""","""Berta Bruffell""","""355-78-1031""","""06/27/2018""","""10 Linden Crossing""","""£7.20"""
"""b22b039d-5259-4e14-ad99-ac8fcfecc450""","""Aron Benedite""","""406-67-2115""","""05/14/2018""","""95622 Beilfuss Point""","""£68.64"""
"""c32a3f1a-ec63-492a-b9c6-2a89a86f937f""","""Paxton Hugenin""","""887-07-8822""","""09/19/2018""","""728 Packers Place""","""£37.48"""
"""ad5afa8d-722f-4239-ba54-161e3c63066e""","""Traver Godehard.sf""","""466-86-6694""","""05/18/2018""","""124 Hayes Crossing""","""£11.98"""
"""bcea0cec-b5d8-4205-9ec3-55be11be8052""","""Lawrence Rubinovici""","""103-32-6486""","""01/25/2019""","""9 Dennis Lane""","""£38.94"""
"""400af6da-d221-49f8-9107-241e390e8682""","""Rosanna Renon""","""457-03-5230""","""10/25/2018""","""93141 Utah Way""","""£23.14"""
"""e980195e-610c-48d1-b96c-d74b8451c6d7""","""Bunni McRannell""","""374-32-8459""",43165,"""6305 Birchwood Parkway""","""£40.36"""
"""bdc60fef-5a87-451e-bf2c-01051eb2378e""","""Philippa Jenkinson""","""835-06-7515""","""05/19/2018""","""4 Paget Lane""","""£20.69"""
"""415c4482-feef-4fd9-aef7-3a2ca263e28c""","""Opaline Fere""","""344-24-8273""",43290,"""2 Almo Circle""","""£92.28"""
"""45bc21da-23e2-4ebf-8489-e3944ccf8496""","""Marcelle Evett""","""168-07-6948""","""10/17/2018""","""15 Jenna Way""","""£91.75"""
"""9fab313d-f915-4fa6-8f37-5b418c5eda41""","""Odie Ilson""","""558-97-5240""","""12/26/2018""","""6 Muir Crossing""","""£37.93"""
"""9f7c6dd2-3df4-4c18-b035-bdd9ddc93fda""","""Hans Nabbs""","""182-13-0070""","""05/14/2018""","""09094 Fulton Hill""","""£50.94"""
"""03308b9c-2513-4f61-bc74-c3431af09ec3""","""Horace Brunton""","""448-66-5794""",43194,"""56 Sutherland Alley""","""£18.42"""
"""764f40ea-a8c8-42ea-91e9-a86a1d46629f""","""Belle Mauser""","""837-67-4427""",43438,"""98 Lawn Pass""","""£6.07"""
"""1a126f41-bb0b-4014-ab47-63ed15ce9754""","""Hildy Arndell""","""270-68-8578""","""07/27/2018""","""199 Farmco Avenue""","""£9.78"""
"""48d716cf-d651-41bf-9d87-9ca05c440b58""","""Nikolaos Boissier""","""897-13-3462""",43350,"""8 Buena Vista Court""","""£34.46"""
"""d7b3c032-6714-4da9-a8eb-99fa5622d007""","""Barbaraanne Silcocks""","""527-30-8799""",43194,"""96973 Village Trail""","""£32.26"""
"""a921a03f-3035-4563-b111-adc8e538fb06""","""Torrance Kenwell""","""224-57-1783""","""10/20/2018""","""71283 Ludington Drive""","""£80.24"""
"""ec9ef2b1-bec6-45d5-a381-d176d4b217a1""","""Sephira Patience""","""452-55-8119""",43414,"""32 Eagan Center""","""£29.47"""
"""cbf6b33f-77a4-4fbe-9bb4-145f5708d8d8""","""Vivyan Lohan""","""503-48-9087""",43352,"""30 Crownhardt Place""","""£29.84"""
"""7111d695-c7e9-4d14-8c89-c90cc4aff39d""","""Viviene Eckels""","""273-31-7535""",43443,"""961 Welch Parkway""","""£39.79"""
"""38f3f629-a8ff-41e5-b9c8-5a69a0f5dc4b""","""Ervin Garmanson""","""494-18-3395""",43413,"""4 Chive Alley""","""£4.88"""
"""bfda2eb7-05e0-4f45-9e19-5177df12773f""","""Devland Ramas""","""683-20-0510""","""01/14/2019""","""09568 Washington Way""","""£96.69"""
"""bbbe536d-3f30-4ef6-95e7-04915fe4a539""","""Giselbert Attiwill""","""384-95-8226""","""05/21/2018""","""5 Elmside Junction""","""£9.95"""
"""f0618d80-8d82-4126-b1f6-5e420ea6a41f""","""Dov Kornel""","""366-91-3777""",43378,"""18 Loomis Junction""","""£14.11"""
"""9095832f-a7ec-410e-87cf-af2dd44527f9""","""Randal Killbey""","""624-97-2333""",43228,"""72010 Saint Paul Parkway""","""£81.67"""
"""d1069240-b0a0-41a6-9683-81490c27f608""","""Andy Rittelmeyer""","""539-80-8475""","""03/22/2018""","""073 Loftsgordon Point""","""£20.64"""
"""bdf6cc21-5e7b-444c-9437-749d0d5a1657""","""Kendal Angeli""","""572-81-4457""","""06/28/2018""","""42 Manitowish Hill""","""£60.99"""
"""567aad5d-c76b-4cfe-893d-7ebad1c34544""","""Roseline McCromley""","""325-86-9408""",43499,"""9821 Golf View Street""","""£27.78"""
"""7ead4ad5-96f3-4848-9106-15770a4a8d37""","""Fay Roo""","""823-68-0910""","""01/16/2019""","""79 Graedel Junction""","""£54.84"""
"""a9bfcc79-fe28-49b4-9db6-a8107bf2d5ac""","""Mayer Gorvin""","""727-25-3229""","""08/16/2018""","""00794 Toban Pass""","""£71.81"""
"""eb135113-2597-41b6-906a-18dfa9d18f3e""","""Feodora Hallut""","""578-11-4210""","""12/26/2018""","""43938 Jenna Way""","""£22.16"""
"""dd0daebf-24ee-4476-b3db-2147ca0aad07""","""Celestina Pyrah""","""350-70-6453""",43587,"""0062 Marcy Court""","""£4.72"""
"""5c09637b-84f2-40f8-ae55-776d6702d476""","""Inga Hessle""","""477-32-6103""","""07/23/2018""","""99 Derek Circle""","""£94.78"""
"""c8bd6800-ef03-466a-befa-ee3138075235""","""Florie Weich""","""137-55-4570""","""12/18/2018""","""29030 Logan Street""","""£72.04"""
"""bd66c342-8b7f-47be-8473-3fbc9a80435e""","""Cilka Woolam""","""141-87-5551""",43415,"""082 Eastwood Center""","""£33.37"""
"""8687c4c5-e9be-4b54-94be-c9707e2e4326""","""Marybelle Crosfeld""","""193-77-8041""","""12/31/2018""","""2 International Circle""","""£33.49"""
"""455a0ad3-fe4b-4685-8e60-3762e5cda535""","""Winna Lidgard""","""121-08-9845""","""04/16/2018""","""06641 Bashford Crossing""","""£82.56"""
"""34e9b9c4-e467-4f44-a7bb-d6288b8a659a""","""Gwyneth Maiklem""","""664-36-8452""",43407,"""64369 Jackson Trail""","""£93.00"""
"""8a3724f9-2861-4b67-8422-c9d796d5ecab""","""Matelda Staines""","""886-81-0457""","""08/20/2018""","""77422 Gale Center""","""£87.07"""
"""9a5a990d-4859-4e74-85cc-fa364fe40d3e""","""Lanette Noah""","""387-70-5104""",43411,"""93 Ilene Plaza""","""£82.91"""
"""9078f02e-d89e-4748-8b5a-0ad6ca930406""","""Clarice Puzey""","""702-67-2163""","""11/26/2018""","""5997 North Lane""","""£79.81"""
"""eea04389-ed2c-4e05-8f7b-7c669992336b""","""Freddi Rycraft""","""670-92-5874""",43106,"""76580 Buena Vista Park""","""£86.57"""
"""06c35460-99af-42b6-bcb2-37f57733ed41""","""Joly Este""","""455-80-6025""","""04/17/2018""","""4253 Fieldstone Drive""","""£55.15"""
"""ae9d45de-7aef-43b0-bcde-c24e417d1b81""","""Mercedes Fitzsimons""","""627-32-1005""","""07/27/2018""","""4 Paget Park""","""£22.72"""
"""9c825731-3fc1-4674-ac3c-c089405bc7f3""","""Mozelle Oldall""","""513-57-6202""","""05/30/2018""","""9407 Roxbury Drive""","""£46.31"""
"""a731b207-4649-405e-834d-8628d16fd62f""","""Alvira Anthonies""","""185-09-1999""","""08/14/2018""","""489 Straubel Lane""","""£84.95"""
"""4fbbeb18-3b12-4ee1-8ef3-314eb86ed0cf""","""Terry Zincke""","""838-13-2345""","""10/24/2018""","""00 Briar Crest Place""","""£20.16"""
"""3faa2d30-7384-496e-a431-26f97435a96a""","""Carmella Pontin""","""491-31-6670""","""06/15/2018""","""9184 Texas Alley""","""£27.74"""
"""ea514e1f-9834-4669-9f93-dd6cb45790fa""","""Mariejeanne MacCafferty""","""858-27-0862""","""05/31/2018""","""780 Transport Pass""","""£76.59"""
"""3dd8ab6d-b7f2-4a9f-b157-74efcfbd859d""","""Candy Fiddymont""","""421-54-1199""",43104,"""8592 7th Way""","""£16.57"""
"""5a053bfe-2a32-42e4-9d4a-7cb44128d4eb""","""Berny Hackwell""","""734-98-5765""","""03/21/2018""","""58 Forest Run Way""","""£12.85"""
"""c5b33d71-bd66-4266-83f3-a594c69964ed""","""Lamond Hodinton""","""450-49-7844""","""03/29/2018""","""3242 Norway Maple Circle""","""£62.50"""
"""571b397b-622e-48a0-8296-033277a60c1d""","""Lyda Spurett""","""406-47-3081""","""09/21/2018""","""4 Ohio Place""","""£68.95"""
"""e28c5385-e770-499a-ab20-1175b6c0c3e1""","""Cary Meeus""","""603-28-0700""","""12/22/2018""","""4 Maryland Circle""","""£8.44"""
"""1124657d-ad29-47e0-a0d0-73c2038c04fc""","""Dulcy O' Borne""","""132-14-2424""",43261,"""535 Holmberg Avenue""","""£79.65"""
"""f7f4e754-fcea-43e1-b6ce-33e53558caeb""","""Aurea Shay""","""212-73-9260""",43168,"""17 Derek Point""","""£92.16"""
"""1dcf01c3-b883-4bce-b7ba-e70630db5e70""","""Erminia Droghan""","""608-56-6939""","""10/19/2018""","""1 Brown Junction""","""£73.45"""
"""22460286-bde3-4536-a025-788b604a0c26""","""Mariana Storkes""","""890-56-5025""","""05/21/2018""","""4 Granby Circle""","""£99.28"""
"""49c640e7-a542-464e-859e-d6555f197ca5""","""Klarrisa Russilll""","""870-47-5526""",43289,"""8 Huxley Point""","""£59.69"""
"""201070f3-f830-475b-9085-a4510afa5678""","""Amalita Harm""","""213-57-2507""",43226,"""274 Columbus Crossing""","""£73.49"""
"""582f2ec1-7c76-4bfa-8e82-5ad26d4bd251""","""Cherice Britt""","""348-83-5076""",43557,"""6 Gerald Hill""","""£49.68"""
"""fe2d97f2-0118-4b28-94a6-eb3ef5fc18c4""","""Chuck Dunseath""","""622-78-3583""","""03/20/2018""","""42479 Swallow Circle""","""£41.90"""
"""7c56cdaf-49d6-48e1-90a5-293574523c60""","""Hortensia Styche""","""834-90-0610""",43407,"""9 Walton Crossing""","""£58.48"""
"""ab4e5709-6640-4296-b4aa-f7815a520fe4""","""Giff Sellen""","""473-07-5275""",43199,"""0270 Union Road""","""£9.41"""
"""1122e1fa-fd4f-4519-85dc-4fec429ac6d4""","""Winona Medina""","""387-06-9155""","""05/25/2018""","""9 Bunker Hill Plaza""","""£68.73"""
"""b5cd2b60-3c56-4247-a3f3-2788eb894a4a""","""Waylen Ockenden""","""120-34-8209""","""10/28/2018""","""39 Bowman Trail""","""£8.15"""
"""9803339e-b2c8-4e64-b76d-3304e2e2893c""","""Elwira Antram""","""858-53-3163""","""04/21/2018""","""32568 Hoffman Terrace""","""£85.13"""
"""31af977f-d478-471d-8226-a86fece78183""","""Tarrah Huglin""","""590-51-7238""","""07/24/2018""","""708 Kedzie Plaza""","""£25.03"""
"""7d5c2098-521f-4465-87ad-866dc546d48d""","""Nariko Cawthorn""","""350-52-0082""","""05/21/2018""","""76 Harper Road""","""£73.97"""
"""86bbaea5-0e96-4c22-8bb5-b2e5bf6133fd""","""Myrna Faithfull""","""532-75-8056""","""12/24/2018""","""52757 Mendota Hill""","""£12.62"""
"""142da44d-7c46-4953-809f-5b1e14069532""","""Therese Carden""","""306-14-8445""","""05/20/2018""","""30236 Bayside Point""","""£20.68"""
"""325a231e-4d47-4e4c-ac7d-03b26d2991d0""","""Garnette Penticost""","""641-22-5739""",43256,"""4 Macpherson Parkway""","""£49.83"""
"""b22b83ef-8a97-4ab7-9e2e-5e25052408df""","""Leanor Syme""","""751-38-1535""","""09/28/2018""","""27 Birchwood Pass""","""£17.43"""
"""0966a71a-9fc6-47ce-91a1-b62e816d6307""","""Tabby Pettegre""","""678-36-2421""","""10/15/2018""","""2039 Twin Pines Way""","""£6.81"""
"""f505f8d8-5bb8-4d21-af84-c2166adbea6a""","""Innis Apthorpe""","""217-37-4388""","""10/24/2018""","""3 Bluestem Court""","""£16.08"""
"""62fb8963-5049-4c45-96ea-552783b0dac7""","""Olympia Stuart""","""676-27-7179""","""11/30/2018""","""51171 Dorton Alley""","""£64.69"""
"""4eea00a1-d8f4-44e0-acbf-54b4c91142b5""","""Quintana Hardstaff""","""765-53-2303""","""08/18/2018""","""40341 Duke Point""","""£81.25"""
"""0f3a8c51-c81d-4801-9edd-79db26633949""","""Robbie Sellens""","""455-49-6983""","""01/19/2019""","""2 Kinsman Road""","""£59.11"""
"""f759c088-355b-4728-b56a-d8e5b63f3f11""","""Keefe Ysson""","""553-86-9095""",43466,"""523 Briar Crest Circle""","""£62.45"""
"""d61a3680-bf0e-4d72-b956-0a81c575edf0""","""Adrian Bolmann""","""116-07-4804""","""09/18/2018""","""54 Kropf Parkway""","""£86.38"""
"""9e07d238-4c8f-4ab7-82ec-bd6c8d180b7f""","""Alaine Derwin""","""526-03-4712""",43202,"""85 Cambridge Center""","""£93.56"""
"""f52bde96-2aa8-4c87-a0b0-11680e9a3039""","""Lisetta Laviss""","""416-23-5909""",43437,"""10474 South Pass""","""£37.72"""
"""7649b0c0-21bf-44f4-a5c9-7507376cb5b9""","""Sonny Salerno""","""365-86-1930""","""06/22/2018""","""41134 Shelley Point""","""£26.63"""
"""d5f5f09d-5fd6-4967-be73-252d0118bb15""","""Alla Reilinger""","""252-37-9551""","""03/13/2018""","""68 Basil Pass""","""£59.93"""
"""c9563c26-dc99-40a8-95b1-e6c4ae9f55ce""","""Darsie Klimuk""","""574-22-8375""",43346,"""068 Mallard Point""","""£32.87"""
"""c76b7969-2265-485f-8f92-cccbf6093efd""","""Virge Lacroux""","""617-19-8556""",43383,"""119 Crowley Hill""","""£61.71"""
"""eba33d15-114a-4b7c-9b51-1e4391c2e656""","""Jordan Timbs""","""700-74-2871""",43408,"""1555 Northwestern Street""","""£80.96"""
"""c087d774-1e2b-40f0-8d19-f93495e8a4a8""","""Timmy Lacroutz""","""646-19-9868""","""12/29/2018""","""2 Redwing Parkway""","""£74.63"""
"""af0e3f0d-137c-4a0c-971b-f782fe978e48""","""Ruby Giral""","""801-56-0681""","""01/28/2019""","""070 Comanche Crossing""","""£40.75"""
"""18190ab7-521b-4d48-bdd3-4eee44f133a3""","""Pyotr Lilford""","""165-65-1947""","""10/28/2018""","""990 Marcy Crossing""","""£67.31"""
"""6c200e5e-2262-4ae3-ab47-36c9f4178f4f""","""Fulvia Redgrove""","""740-44-5684""",43442,"""63330 Chive Avenue""","""£43.93"""
"""97bf5302-b7ea-4f50-ba44-5b28d80b61b8""","""Rasia Echallier""","""165-48-6721""","""08/22/2018""","""390 Carioca Court""","""£43.01"""
"""33a4146c-fea3-4356-95f9-f0e3bbeacc15""","""Heinrik Benezeit""","""604-28-8735""","""07/29/2018""","""44231 Schiller Drive""","""£4.93"""
"""30cfa965-0130-43c7-a523-2cb878ba52bf""","""Alec Janacek""","""253-23-9594""","""02/27/2019""","""4 Onsgard Point""","""£40.93"""
"""4be10a95-31e0-481a-ac3c-56016b9d1793""","""Frieda Favey""","""792-69-0776""",43263,"""7337 Fuller Road""","""£93.47"""
"""b6e6a309-5655-40e9-883d-817aae444199""","""Son Donovin""","""275-54-8496""","""04/27/2018""","""0 David Center""","""£16.05"""
"""d5dddbc7-395a-4af7-aa13-1ffd00898c6a""","""Rufus Hugenin""","""112-23-3961""","""03/14/2018""","""288 Weeping Birch Hill""","""£53.62"""
"""333a0dd4-3710-4498-b55f-9df02af081f4""","""Kania Erdely""","""162-73-8077""",43411,"""26114 Buell Court""","""£64.29"""
"""965c2d51-af8a-4689-afd6-233a2f0c9c29""","""Nonie Stancliffe""","""316-18-8339""","""07/23/2018""","""4356 Oxford Drive""","""£22.15"""
"""587480e9-c9e2-47c7-a4c2-9af258e29b29""","""Vonni Nesby""","""352-18-0749""",43617,"""47 Mccormick Avenue""","""£24.10"""
"""da24d7bd-64f4-432d-b861-ae11ebf6d5a7""","""Olivie Currm""","""162-58-7768""","""12/31/2018""","""631 Kim Lane""","""£81.44"""
"""9b0cfbd6-654b-495e-a356-a718f3fcec1f""","""Jourdain Bartlomiej""","""454-98-2503""",43139,"""78 Eagle Crest Street""","""£48.90"""
"""c7fa71b7-e163-4bda-ae28-be233184a8e8""","""Yehudit Barge""","""638-89-5949""",43104,"""9463 Knutson Hill""","""£94.09"""
"""332537d7-4fb5-4d0c-a076-82762e0c5a4e""","""Cristian Calverd""","""763-35-3248""",43107,"""1364 Troy Pass""","""£69.13"""
"""b5df8c48-399d-4809-a376-7735a07a37d3""","""Julie Keenan""","""364-08-1906""","""10/20/2018""","""4 Melby Way""","""£66.19"""
"""ec51bc93-bab8-431c-8cd8-9ed1262fc337""","""Ware Cone""","""625-70-2645""",43801,"""77 Doe Crossing Parkway""","""£72.79"""
"""fa398de5-4ca3-4242-bdaa-7f2c2c2c2c3a""","""Novelia Aspenlon""","""509-32-8185""","""04/29/2018""","""991 Sauthoff Terrace""","""£89.57"""
"""93e25a76-a0fc-4690-9c91-7f65212cc4b7""","""Gonzales M'Chirrie""","""214-82-7825""",43439,"""560 Esker Way""","""£70.32"""
"""c530dc87-faef-4055-acec-22f23e173d89""","""Selie Isacoff""","""123-90-8551""","""05/29/2018""","""775 Brown Street""","""£58.39"""
"""8be901a2-700c-43e0-bc53-30b3517862e2""","""Lucine Polk""","""550-69-9262""","""05/29/2018""","""49 Eggendart Crossing""","""£89.38"""
"""c8843d06-a497-47e3-8651-f4eadf899496""","""Farrel Lambdin""","""461-63-0998""","""05/14/2018""","""87 Glacier Hill Place""","""£54.55"""
"""065588fe-f233-4883-856f-a4ead9559b95""","""Alfonse Waddilove""","""875-47-4960""",43801,"""73832 Dottie Point""","""£67.00"""
"""5062b18c-654f-48e2-9c63-982b3db3edcc""","""Stephi Brunker""","""589-70-0379""","""03/29/2018""","""68 Pleasure Plaza""","""£42.88"""
"""1f61bc60-f764-4850-bbdd-9781c91526c1""","""Beckie Livingstone""","""409-47-8504""",43111,"""00 Elgar Place""","""£48.01"""
"""7780b05e-98c0-4f00-b89d-d0e1fcaf0734""","""Faun Paireman""","""246-98-1692""","""08/23/2018""","""9 Union Circle""","""£76.64"""
"""6422cb87-0a8e-4960-a673-e00eb073163e""","""Inna Pentony""","""806-81-6268""","""09/24/2018""","""2166 Hoard Street""","""£80.82"""
"""c0ff44f2-bae4-494d-b435-abef27b27e9b""","""Debbi Saturley""","""761-61-9139""","""01/29/2019""","""7224 Summerview Parkway""","""£78.90"""
"""962cf103-cea6-41f8-a498-6930b18bb98c""","""Leticia Okker""","""323-84-6460""",43324,"""2309 American Street""","""£18.27"""
"""46d595b5-bc0c-4671-9e53-c51bfb68ad14""","""Beth Chiplen""","""267-88-3160""","""06/15/2018""","""962 Shoshone Alley""","""£68.77"""
"""f2d260aa-99d9-4db9-82e5-d245bb4f5796""","""Hakeem Scopes""","""246-99-3046""","""05/25/2018""","""11182 Eagle Crest Street""","""£66.55"""
"""12800393-fdaa-4e16-8f0d-981a27812c62""","""Jessalin Beurich""","""414-90-8210""","""10/30/2018""","""03 Dakota Alley""","""£81.67"""
"""b0ae7089-1c66-4ca6-b9f3-d859e25179f3""","""Germaine McJury""","""716-58-5775""",43316,"""8427 Loeprich Alley""","""£79.80"""
"""b7469d6c-d6be-46ed-8abe-15f3e41ac3c4""","""Adriano Queyeiro""","""295-01-6070""","""10/28/2018""","""48293 Center Hill""","""£8.23"""
"""b34209df-a4b0-4c2e-b7e6-2f46b93098f4""","""Doralynne Mildenhall""","""212-45-2825""",43228,"""83380 Fairfield Alley""","""£89.94"""
"""b61e6795-7a72-4234-aa83-b8a919ddb9fa""","""Aaren Simester""","""654-15-6118""",43170,"""80902 Rutledge Circle""","""£75.42"""
"""9c809d9e-b9c6-4ee6-b3c1-d2b373a6a9a3""","""Lilyan Wishart""","""689-53-1356""",43679,"""0 Corben Avenue""","""£75.35"""
"""6aba6590-a2a7-4e57-a16a-34b3973e547a""","""Chance Cranmore""","""346-17-9256""",43445,"""479 Golden Leaf Park""","""£38.18"""
"""60730682-5448-4caf-839c-8adb69ca28ce""","""Bernetta Regina""","""274-80-1564""",43497,"""3 Sullivan Pass""","""£17.45"""
"""b10e2d33-a685-4fb2-89ab-b9eecf7dcd7f""","""Miles Grigoriev""","""289-60-8916""","""01/30/2019""","""193 Nova Point""","""£33.02"""
"""c3d2b5ad-bab0-472f-8845-5fe51830e792""","""Josselyn Milner""","""893-19-9389""",43347,"""6622 Hallows Parkway""","""£69.11"""
"""246cd8d1-7f01-4abe-b6e6-2f1c7997e5a8""","""Esma Perott""","""390-39-0589""","""12/28/2018""","""98 Green Ridge Place""","""£27.19"""
"""5ee3cffc-19c3-4898-8481-f747f73e20e9""","""Mair Seabon""","""441-28-6154""","""07/21/2018""","""46740 Acker Parkway""","""£86.07"""
"""71485a20-6268-4270-8bea-3c6b5e66b47e""","""Beatriz Smalcombe""","""639-64-3224""","""01/29/2019""","""103 Mayfield Junction""","""£25.54"""
"""83f21d5f-57e6-45af-9db5-37cf179ec365""","""Jannelle McGraith""","""465-53-1553""",43381,"""109 Drewry Place""","""£6.15"""
"""27b9edb3-b14e-44b7-b093-dd2350bf6d8a""","""Emlynn Benallack""","""678-28-4931""","""08/23/2018""","""68919 Linden Street""","""£76.64"""
"""363b8e43-fe1e-4c13-91e4-b56a2eb0e424""","""Ronalda Podmore""","""253-12-6770""",43320,"""87 Moose Park""","""£27.73"""
"""863e0ec5-6bc8-4eb2-9ba6-7371d64f458d""","""Gibb Di Roberto""","""237-86-7037""",43290,"""12 Artisan Way""","""£82.15"""
"""a55e8a8c-e504-4ade-82f7-d3f25ac577b4""","""Rozella Hackly""","""601-91-5257""","""07/26/2018""","""349 Cordelia Trail""","""£52.34"""
"""b00539f3-98cc-43e5-b6b5-41a53b92f9e3""","""Bruis Freckingham""","""555-66-5948""",43137,"""19 Blaine Point""","""£64.12"""
"""30bb7ade-920e-4438-a357-93e62fb187a0""","""Clem Pettifor""","""195-12-7573""",43107,"""0372 Lakeland Avenue""","""£13.62"""
"""611cc992-ec1d-46d0-986f-f0c11bd55f2b""","""Justus Tye""","""831-76-5294""",43320,"""4088 Dapin Place""","""£23.79"""
"""dcfdf917-c00c-4c94-a9d7-9db70a673329""","""Mufi Henriet""","""597-91-1945""","""04/30/2018""","""9579 Sycamore Pass""","""£32.36"""
"""4c3c45d2-00da-40b5-aa58-41de70b0167e""","""Charita Beldam""","""488-25-5426""","""04/21/2018""","""2 Chinook Terrace""","""£33.22"""
"""0d4c7a08-125b-416a-98c5-0c3304d916fd""","""Kincaid Clarae""","""126-37-3986""",43319,"""280 Northfield Road""","""£96.87"""
"""099cdfc6-93fd-479d-a387-f6d228f2ec2b""","""Yoko O'Hederscoll""","""168-40-7891""",43556,"""55 Utah Way""","""£27.14"""
"""8dca27c7-05b3-487d-87e6-d3bf990c21c5""","""Jereme Ditch""","""220-67-4911""","""05/22/2018""","""8 Debra Alley""","""£41.29"""
"""7dc19d99-4650-4e69-8af4-8d0231db7600""","""Giacopo Byforth""","""500-97-2314""","""11/26/2018""","""37 Kropf Crossing""","""£4.78"""
"""1ffe97d5-5df1-48f9-b33d-a28bc858ea1f""","""Clement Crowley""","""233-45-7458""",43526,"""1 Anzinger Trail""","""£99.55"""
"""cf2de31b-0b86-48f9-befe-29c8208142f6""","""Ralf Ivic""","""528-66-4342""",43227,"""007 Tennessee Point""","""£36.14"""
"""625b6ccb-125e-4be6-b20e-25ca27882c41""","""Christoper Sumpter""","""827-25-9699""","""03/21/2018""","""7872 Thompson Point""","""£81.27"""
"""345358f8-299d-4854-b2f5-d42276a471cb""","""Alfi Totterdill""","""756-73-7232""","""02/20/2019""","""4087 Northridge Road""","""£67.70"""
"""ed407ddc-f0a7-432a-89ef-3e2bebd6e9e4""","""Onida Goulter""","""694-44-3918""",43355,"""32107 Briar Crest Drive""","""£57.70"""
"""96de28bf-d0cd-49ec-a79a-e8ff38164a0f""","""Ebenezer Croasdale""","""739-90-8446""","""05/30/2018""","""5 Kropf Crossing""","""£83.21"""
"""77b5d5b6-dcdd-4d6d-8a40-458ec639fe36""","""Emerson Zeale""","""704-59-1728""",43135,"""3392 Oneill Hill""","""£85.85"""
"""e7099e3a-acac-418e-9018-054ecf3af537""","""Kettie O'Dowd""","""363-93-5978""","""01/22/2019""","""763 Evergreen Alley""","""£54.44"""
"""7c626a27-f3ed-4908-9b19-e38500249789""","""Sheppard Prandi""","""447-33-4510""","""01/30/2019""","""0618 Stoughton Junction""","""£55.95"""
"""10fc1c27-02e9-40c4-87a3-c093ca57f968""","""Luis Dahlberg""","""237-21-2275""",43351,"""57167 Tennessee Drive""","""£80.01"""
"""42842f36-2a75-47c7-83e1-3f2138a0f462""","""Sibelle Blanchet""","""702-82-6317""",43385,"""035 Pine View Junction""","""£70.74"""
"""6572c28f-f1e1-4506-a094-a297e3983fbc""","""Sindee Hoble""","""659-19-0349""","""08/19/2018""","""69 Starling Street""","""£17.39"""
"""4297ca1c-6661-48d7-ae71-427053e6f485""","""Camila Jones""","""613-20-4477""",43319,"""1 Union Way""","""£27.04"""
"""75a860b0-0d91-4a9a-b380-ff141c14d1ba""","""Miguelita MacNeish""","""212-87-4438""",43618,"""939 Oxford Lane""","""£29.99"""
"""fb3d7ea0-2200-4525-ae5b-fc25c0be0cc0""","""Leah Gilliver""","""234-01-1012""","""08/28/2018""","""3138 Carberry Hill""","""£94.63"""
"""4c4a2c0c-cfd6-48be-830b-506515089577""","""Jessalin Palffrey""","""557-29-8464""","""07/31/2018""","""1843 Susan Plaza""","""£30.10"""
"""b131e041-58fb-42b4-b73c-0a8ffc1e2ee5""","""Monte Crosfeld""","""679-78-7672""","""11/27/2018""","""09348 Green Center""","""£67.85"""
"""586b913c-6af5-4a71-8c71-76ff714a8ad1""","""Naoma Mecco""","""876-66-4912""",43770,"""45730 1st Drive""","""£98.20"""
"""74b2034d-6138-478f-b914-719c7048070b""","""Hewett Balcers""","""285-41-8714""","""10/29/2018""","""222 Gerald Plaza""","""£98.47"""
"""8697e678-5054-437f-a78b-af4a8f027536""","""Tamqrah Gagg""","""586-31-0988""",43169,"""993 Mockingbird Avenue""","""£18.65"""
"""3f8b9cac-5041-4274-9925-fba4fa3686ec""","""Leonelle Zanicchelli""","""585-61-4917""","""08/24/2018""","""4 High Crossing Way""","""£52.57"""
"""62aac6cf-a5b1-4211-8b75-c58b01e306ab""","""Camey Swithenby""","""274-38-0099""",43110,"""4 Aberg Center""","""£39.67"""
"""e3a2c132-22b3-49d9-a61a-1d3269afe616""","""Giovanni Mattek""","""582-93-4980""","""01/30/2019""","""673 Canary Terrace""","""£73.65"""
"""5195ce4a-66c8-4608-a722-1675f89a2fc9""","""Barth Strangeways""","""233-55-0161""",43169,"""289 Bultman Place""","""£89.42"""
"""43d46bc7-f95c-4bf0-9c97-a09e0166b71c""","""Katharine Kornilov""","""131-13-6678""","""06/28/2018""","""6 Troy Way""","""£31.99"""
"""f2bb3c30-785b-4089-8a77-f978492554d3""","""Gizela Redfearn""","""629-02-4891""","""07/21/2018""","""7348 Morrow Alley""","""£51.97"""
"""ce0ae1c8-a287-41c1-afbd-c39b5f013864""","""Arlie Rikel""","""648-97-2912""",43320,"""25 Vernon Center""","""£77.69"""
"""265df047-c97e-473b-ad68-4a13a64fd390""","""Nolly Thackwray""","""695-89-5610""","""03/27/2018""","""018 Hansons Pass""","""£64.38"""
"""3525855e-a709-452e-80fe-1102e782a2ba""","""Yulma Bodill""","""203-74-5688""",43319,"""066 Rockefeller Plaza""","""£45.93"""
"""e62c1aa9-9a09-46cf-b7ab-97fb2f13b7aa""","""Archibald Yesichev""","""747-86-0905""","""05/19/2018""","""90 Oak Hill""","""£75.71"""
"""f8a22e1e-6a8b-4f6e-b97d-1aaa8525a7a5""","""Chelsie Ellin""","""229-07-7953""","""07/25/2018""","""80924 Gale Street""","""£54.91"""
"""82723381-80f4-4539-9196-7560f9334b37""","""Konstantin Dukelow""","""839-75-2470""","""04/22/2018""","""287 Steensland Terrace""","""£85.82"""
"""7c5692dd-1346-41f6-b72b-6ab6a9c67364""","""Gilligan Nesey""","""657-13-1030""","""04/26/2018""","""41 Anderson Street""","""£27.82"""
"""434cccb8-0dff-49e0-ba32-b0a7e8eeaa35""","""Marys O'Brogane""","""448-98-5781""",43320,"""38 Meadow Valley Street""","""£56.37"""
"""35366432-bc16-49f1-865a-79fdef84b24d""","""Zia Ayres""","""219-71-6795""","""08/20/2018""","""563 School Center""","""£37.10"""
"""e47e062f-5745-4cca-811f-2a20d80be8f6""","""Vina O'Caherny""","""606-90-6083""","""07/18/2018""","""6256 Cody Road""","""£48.69"""
"""8c91ff02-4c86-4e19-ae1b-d996d0981384""","""Wallie Skunes""","""573-53-1982""","""11/19/2018""","""26822 Oriole Avenue""","""£82.21"""
"""fd03abe1-1afe-45f0-b577-6f7c872f578c""","""Lauren McGarahan""","""630-19-2558""","""11/14/2018""","""1 Spaight Alley""","""£97.94"""
"""2f9e2b1c-331f-46c1-b2e6-735657cba6d5""","""Sanders Normansell""","""304-31-2076""",43284,"""5 Eastlawn Alley""","""£21.24"""
"""0038e350-b328-42a2-b5c3-55382f699e1c""","""Jade Hambelton""","""672-52-8931""","""05/24/2018""","""6918 Sherman Terrace""","""£29.07"""
"""987cb0bd-6458-46e7-ac74-69408e9f3254""","""Emilie Risen""","""381-52-7928""","""08/24/2018""","""61 Hansons Parkway""","""£97.21"""
"""de7880fb-2c38-4541-88ab-46af707cd464""","""Von Brotherick""","""272-15-1079""","""10/20/2018""","""787 Acker Point""","""£26.77"""
"""00c090fc-1f25-4a99-b8c0-b2ddda29add4""","""Addison Bricham""","""507-59-7044""",43376,"""02 Jana Street""","""£24.78"""
"""59b3be2c-6f20-4b0d-8fef-55231b66e029""","""Eimile McBeith""","""651-91-0835""","""12/29/2018""","""1 Larry Circle""","""£81.87"""
"""19f868c5-faee-45f7-8303-36b0ef300987""","""Clay Oldford""","""889-51-7117""",43288,"""99043 Quincy Hill""","""£49.70"""
"""1cb9a12e-6cf9-43ea-a14e-c036c7a6481c""","""Duky Hazelgreave""","""226-88-5478""","""04/26/2018""","""3968 Burrows Crossing""","""£36.53"""
"""e0f8b835-3d1f-4a89-8756-fe64ad9654d2""","""Cesya Jerson""","""754-88-7514""",43378,"""04 Dayton Circle""","""£28.17"""
"""6d5ae877-7f54-43dd-895e-b48d4aaff356""","""Urbain Champerlen""","""695-05-4224""",43321,"""5 Briar Crest Pass""","""£98.30"""
"""37952807-d72f-4361-8ef6-77c5dab46966""","""Liesa Jagg""","""404-43-4762""","""06/28/2018""","""76 3rd Trail""","""£76.40"""
"""6259bf11-5407-48f5-8f64-c83f6c11bcf4""","""Trumaine de Najera""","""823-58-5105""","""08/30/2018""","""536 Ramsey Plaza""","""£17.21"""
"""78ce714e-52f8-4021-b397-f5280012e335""","""Camel Hulls""","""863-73-4580""","""07/29/2018""","""1903 Dorton Parkway""","""£43.64"""
"""f17f41d4-e756-410a-aee9-35f8bc24957e""","""Amalita Canner""","""814-73-9357""",43110,"""50 Miller Avenue""","""£62.43"""
"""0ec36b15-c69d-419d-b29c-1bd1629f5407""","""Quinlan Athey""","""266-19-8794""",43323,"""1766 Scott Avenue""","""£49.22"""
"""ef295305-c2d3-4f76-852b-a11ad511fee8""","""Rosabelle Lotte""","""639-87-1127""","""11/17/2018""","""6 Transport Way""","""£80.03"""
"""18d8de3f-234f-46e2-9622-b63810ef9e34""","""Goober Wyd""","""527-57-4902""","""03/30/2018""","""1 Sheridan Court""","""£80.49"""
"""f503b5d9-8a7d-4947-abb7-0caa7db97407""","""Howie Rentelll""","""522-13-0623""",43143,"""1282 Sutherland Street""","""£13.12"""
"""a78fd8ab-656b-422d-b0e7-7374ab8093ee""","""Tommi O'Grogane""","""109-27-3719""","""10/14/2018""","""7735 Westerfield Center""","""£38.72"""
"""d1d5b17c-fc71-46c3-9f01-d64c4ec37928""","""Austin Irce""","""646-23-2031""",43407,"""1525 Merchant Park""","""£51.03"""
"""eab7591b-7cbb-4056-ad7f-30652afdd499""","""Dalis Wilks""","""352-50-6030""","""03/20/2018""","""2 Troy Drive""","""£84.81"""
"""4aa0248b-e795-4ab4-af99-ab27e0805b01""","""Elysee Gallen""","""432-76-5324""","""08/31/2018""","""4 Eggendart Way""","""£79.81"""
"""aa81812b-8789-4592-b9a0-604a313f0f9b""","""Ileana Lammie""","""566-15-8684""","""08/19/2018""","""1110 Dwight Junction""","""£78.73"""
"""187ada10-809e-490b-b11e-47c92c3b5490""","""Rollin Tarply""","""152-73-2175""","""05/29/2018""","""0 Fieldstone Junction""","""£67.62"""
"""3d000054-dcf3-4e40-a784-73b1150bc993""","""Ewart Banisch""","""124-91-1220""","""11/22/2018""","""8170 Eagle Crest Point""","""£35.71"""
"""89658ccb-aa33-4240-8fca-ffde91d17dec""","""Dougie Bartley""","""113-28-8592""","""11/26/2018""","""86 Farmco Crossing""","""£37.54"""
"""2e9140a2-b21e-4ca2-9141-ce8ac0979673""","""Tamarra Fraschetti""","""754-86-7801""",43348,"""7636 Bowman Place""","""£56.33"""
"""c442d2aa-6fbb-4e9c-8653-40424ecab0e3""","""Homer Deville""","""786-07-5893""","""10/25/2018""","""94871 Bonner Junction""","""£22.78"""
"""c8c044de-1579-4c1d-9564-b9cb2ba5f634""","""Maryanna Kuhnt""","""592-74-6856""",43255,"""66 Cascade Way""","""£50.16"""
"""00e328ce-8516-483e-a57d-41e96a962963""","""Barry Spaughton""","""631-62-2498""","""08/31/2018""","""232 Kipling Drive""","""£93.88"""
"""b7cef4de-2ff8-46a9-aa29-74aaeb174d4a""","""Deane de'-Ancy Willis""","""779-84-9850""","""05/17/2018""","""0415 Artisan Alley""","""£25.22"""
"""1090c2bb-76d9-40d6-913d-ede54ea3eaec""","""Madge Parlatt""","""852-34-0833""","""02/27/2019""","""98 Manley Way""","""£27.92"""
"""3426b433-cde4-4b25-806f-81832356b648""","""Jean Pavese""","""365-01-7256""","""04/14/2018""","""6740 Florence Crossing""","""£14.63"""
"""49df85fc-b1ff-48d8-a103-e929790672e8""","""Phelia Deignan""","""700-36-0533""","""11/26/2018""","""12 Pepper Wood Terrace""","""£14.42"""
"""d7fb461c-63a8-4a73-b5fe-cb70eb70d19e""","""Brendan Neame""","""253-51-9136""","""10/28/2018""","""37197 Clemons Street""","""£18.17"""
"""16918160-992e-48b1-bf97-4e4ce74a2a77""","""Valentin Alvy""","""674-73-2802""","""03/23/2018""","""323 Evergreen Drive""","""£24.38"""
"""99c30494-05b5-402b-b313-a943e14ae9dd""","""Valery Wiggett""","""225-17-3309""",43318,"""89445 Esch Crossing""","""£99.65"""
"""30ae8e0a-efc0-4787-a563-0954a9f12d71""","""Lovell McLeese""","""815-55-8378""","""07/14/2018""","""097 Holmberg Street""","""£73.45"""
"""153b6ec5-f711-45a8-8469-3e562cb7b0de""","""Lanna Narramor""","""652-26-3438""",43710,"""364 Troy Way""","""£55.91"""
"""a66614c9-1707-48c3-9245-9d066980891e""","""Taddeo Oakwell""","""545-48-3846""","""02/24/2019""","""27 Redwing Place""","""£95.01"""
"""91a7e3ec-869a-4e12-9724-f86df537af9d""","""Rahal Kenchington""","""874-69-4189""","""01/19/2019""","""61429 Brown Alley""","""£19.58"""
"""a8fe4b58-ee8c-4c99-b3fb-c73a010557bc""","""Conni Epsley""","""528-83-8739""",43414,"""1 Northport Street""","""£41.11"""
"""372d59e0-f7e7-4cfa-8c0d-e7eef12f46fa""","""Amara Hancorn""","""284-89-0081""","""03/17/2018""","""3 Boyd Road""","""£29.71"""
"""47e537f8-3dee-4dc0-a123-cd0e3d125eb0""","""Lucais Alvar""","""343-81-3844""",43105,"""3 Menomonie Hill""","""£97.16"""
"""140207ec-a626-48f9-a6df-8319026131bc""","""Stavros Jansey""","""742-31-2626""",43526,"""29199 Eastlawn Center""","""£89.42"""
"""24dd5f9c-07fb-4c06-9578-23870eabf616""","""Ahmed Wayland""","""561-43-9978""",43678,"""8040 Hermina Center""","""£20.51"""
"""d32a0c85-2559-4e9f-80c7-cbdcb1c7590f""","""Janifer Higgan""","""173-19-4752""",43348,"""799 Village Road""","""£63.00"""
"""c9b8f5bf-f079-4a9a-9840-57b12c70f0e7""","""Giraldo Elder""","""443-13-5047""","""03/29/2018""","""708 Iowa Circle""","""£65.73"""
"""f5a2f858-5799-4409-9018-e8f1a5730ef7""","""Efren Nare""","""247-20-6321""",43257,"""92698 Oakridge Street""","""£17.31"""
"""531d87a2-dd7c-4c6f-97c6-07fd2cd55d81""","""Ilsa Setch""","""701-95-2105""","""12/27/2018""","""04 Debs Road""","""£98.76"""
"""f0e5971f-c2ce-4a3e-97fa-1685d1654850""","""Mac Nickolls""","""467-74-6904""","""09/21/2018""","""23 Everett Street""","""£15.95"""
"""62cee806-fd25-491a-a8e2-2df349370dff""","""Kristy Adel""","""711-65-1781""",43381,"""326 Sutteridge Junction""","""£14.41"""
"""285dd824-291b-4781-a3f0-95e763853075""","""Ansell Goligly""","""232-33-0176""","""06/14/2018""","""51 Oak Valley Hill""","""£38.93"""
"""0cb52524-4881-4f47-a979-0dc74c84363c""","""Elliott Soanes""","""294-57-5959""",43166,"""8486 Knutson Lane""","""£13.93"""
"""59a83c6f-c294-4d5e-a1bd-e6ad57856807""","""Nelly Franzettoini""","""587-93-1346""","""09/19/2018""","""0149 Maple Avenue""","""£52.01"""
"""db09cbfe-8a9f-46ed-b0d9-acd03e6f1d7f""","""Alvera Blenkinsopp""","""684-09-1080""","""04/15/2018""","""5659 Eliot Place""","""£45.74"""
"""fe55c526-7784-4214-ad7c-090b06764f96""","""Meara Busst""","""338-22-8093""","""02/13/2019""","""883 Red Cloud Alley""","""£20.56"""
"""5eed1333-9996-4d03-9b8e-f75d7969f8ff""","""Grata Northill""","""769-11-5095""",43195,"""38428 Troy Lane""","""£43.96"""
"""1fdfc338-c766-4b13-acca-fea4a616c193""","""Dolorita Cahn""","""140-36-2859""","""06/29/2018""","""87 Hanover Drive""","""£84.38"""
"""add4223d-a76b-49c3-8d1c-52d23815ffdb""","""Eolande Fowkes""","""182-88-5600""",43292,"""2353 Basil Hill""","""£17.58"""
"""d1d917ee-03d8-4f00-a4c3-a1c5de5cbd15""","""Clara Barkley""","""763-18-5482""","""09/13/2018""","""40113 Onsgard Terrace""","""£46.16"""
"""596ee20a-8e8c-4462-8d04-2b1dcbe77b4f""","""Rina Medler""","""254-43-5296""",43354,"""522 Northwestern Trail""","""£87.49"""
"""cb78cdd6-3418-487d-ba4f-58e55332fdd3""","""Avictor Loughan""","""785-62-9683""",43416,"""559 Hansons Hill""","""£11.89"""
"""17eb03c8-56e7-4769-b0f3-639a1dbc2a5f""","""Alden Boughen""","""505-05-8451""",43169,"""501 Hooker Pass""","""£10.35"""
"""e7089fa2-40b9-4585-b0f0-86e249fdbd2a""","""Kelvin Fellman""","""657-57-8704""","""03/23/2018""","""3 Southridge Crossing""","""£26.08"""
"""b4b6afb1-ab16-4c25-ad3c-f4ee5997a2df""","""Gussy Proudman""","""504-43-7046""","""01/27/2019""","""845 Delaware Park""","""£5.49"""
"""5f81bb00-d775-4e38-b137-8715945af82f""","""Coleen Le Noir""","""212-84-7590""","""02/13/2019""","""3149 Pierstorff Way""","""£91.64"""
"""4b5e9660-40c2-4bfa-b86d-8cabd2c38a12""","""Dyana Lokier""","""239-02-8913""","""02/14/2019""","""09 Coleman Way""","""£13.93"""
"""2d1db71a-3991-4f2f-b726-996a9a7db350""","""Torrence Haistwell""","""879-50-4694""",43257,"""817 Hovde Road""","""£14.20"""
"""aa681895-4eb5-4a86-ac85-6c5b5e614458""","""Blakelee Forman""","""628-58-8081""",43316,"""07 Bluejay Place""","""£12.55"""
"""ab03319f-699a-4da7-89dd-604ede398fbd""","""Andromache Tuer""","""837-89-7192""","""01/22/2019""","""45 Memorial Park""","""£18.96"""
"""999d05c4-a389-433a-af77-3fd5f50ce392""","""Tab Baalham""","""745-51-1146""",43498,"""0 Thackeray Terrace""","""£79.55"""
"""2b58970b-d42f-4823-8e6d-86e6ab789360""","""Rebeka Bartalin""","""386-64-6368""",43108,"""8 Stoughton Junction""","""£91.31"""
"""dd353c2d-9f22-4fd5-88cb-e8b26da45d11""","""Reggy Brotheridge""","""481-73-8775""","""10/22/2018""","""726 Northridge Center""","""£76.67"""
"""9e342066-4aa7-479a-b23d-9ecafd1f3294""","""Corie Sparkes""","""427-23-4485""","""08/16/2018""","""63247 Eagle Crest Point""","""£17.50"""
"""3d795665-cfb8-4174-bb76-cb2bf090635c""","""Shayne Strike""","""622-68-1312""","""01/19/2019""","""6121 Anthes Plaza""","""£71.15"""
"""268c8641-4275-416a-896f-1214ed16a265""","""Helenelizabeth Russen""","""682-22-8394""","""05/23/2018""","""014 Pierstorff Way""","""£46.86"""
"""1dd8eca0-86b4-47f3-909c-128aa3e7eb31""","""Arie Puttock""","""538-44-6158""",43619,"""1272 Hovde Court""","""£8.40"""
"""c751c10f-4f39-490b-b65f-b4d9caf3a7d8""","""Sylvia Castledine""","""853-47-6830""","""06/17/2018""","""93934 American Ash Circle""","""£71.23"""
"""55a7203e-f0d4-45a6-908c-8516c2c1dfc5""","""Shel Swinney""","""604-52-0313""",43105,"""69 Di Loreto Point""","""£89.62"""
"""b4780cf0-f64e-406b-a48c-855191c9afe8""","""Arabela Frail""","""611-75-5290""","""12/18/2018""","""6023 Caliangt Pass""","""£20.58"""
"""cdd30709-0f93-4930-9809-aa7c90aad250""","""Brandice Gerriessen""","""293-48-4234""",43224,"""46997 Center Circle""","""£86.35"""
"""ff01c346-d12b-4554-a249-86f5bf0cf1cb""","""Nickolaus Ugo""","""467-22-9471""",43350,"""5 Kedzie Parkway""","""£18.62"""
"""fd659460-6e26-48d9-a10f-2dfd77a1d1c9""","""Frederigo Bache""","""129-07-8666""",43142,"""7609 Loeprich Center""","""£67.92"""
"""0957be30-3b27-478b-a66d-96f5cd7ec410""","""Solomon Fairfoot""","""153-19-8734""","""06/24/2018""","""2675 Oakridge Plaza""","""£70.66"""
"""7bb94dbe-9b46-431b-9674-75782fae5f8e""","""Gunner Costi""","""513-44-6564""","""10/23/2018""","""351 1st Alley""","""£24.83"""
"""6deae406-58aa-41d5-b044-4dcaebff4792""","""Lina Humbatch""","""731-04-4201""","""05/21/2018""","""91090 Oakridge Junction""","""£63.98"""
"""5e10c279-18e8-40ee-9068-bfa2b3a0a789""","""Daryl Santi""","""298-42-2931""",43194,"""2618 Kedzie Way""","""£38.79"""
"""695c9dbd-9690-4990-ba23-0971dec06ac1""","""Nick Sime""","""610-11-4837""","""12/18/2018""","""7003 Eastwood Junction""","""£7.59"""
"""2ad32ef1-544b-4148-9178-e53db9334499""","""Efrem Brolechan""","""801-90-8166""",43444,"""14 Golf View Trail""","""£77.11"""
"""3dce977e-c244-4a2b-8bc6-790c12817177""","""Roshelle Christophle""","""362-75-2162""",43199,"""5011 David Terrace""","""£49.08"""
"""3a6d85e7-04db-4164-9367-2f57605079bf""","""Sibeal Wasselin""","""333-93-6616""","""09/21/2018""","""370 Loeprich Crossing""","""£10.82"""
"""1790ec09-d82b-454d-a1c4-0f511493245f""","""Janaye Dunan""","""205-48-1738""","""10/30/2018""","""136 Lighthouse Bay Drive""","""£58.55"""
"""2a6f2d6d-a6e4-448d-abf7-1a76d0f73667""","""Octavius Kem""","""610-31-2289""","""10/31/2018""","""429 Marcy Plaza""","""£69.84"""
"""5f30230e-937d-4707-868c-534939920aea""","""Melesa McMonnies""","""511-13-6498""",43195,"""62 Barnett Place""","""£80.25"""
"""17a8403e-f757-4548-86a0-7047c5d92151""","""Veronique Droghan""","""338-12-7864""","""08/14/2018""","""8 Northfield Park""","""£77.36"""
"""db7b6cd9-871f-4fdc-b526-501923009ddc""","""Coleman Kase""","""222-42-0586""","""11/20/2018""","""81044 Loftsgordon Junction""","""£11.35"""
"""e831141c-834a-498c-aa04-c19c46b67460""","""Tab Fleischer""","""611-71-8001""","""08/22/2018""","""4105 Johnson Parkway""","""£23.91"""
"""9f711c34-471e-4ade-b293-1876fb2060d8""","""Alfonso Soeiro""","""729-37-7855""","""01/24/2019""","""92 Lerdahl Alley""","""£23.71"""
"""b0ad3074-056b-4468-a187-d48c946c0cb7""","""Orelle Ramsden""","""302-38-6884""",43223,"""1856 Algoma Junction""","""£64.41"""
"""263b7aa6-59d3-401c-8867-3d06115734aa""","""Leighton Renton""","""889-32-4036""",43439,"""77 Melody Point""","""£79.27"""
"""43a52a81-2d64-4899-bebe-679a3ace03b2""","""Kara Willicott""","""472-24-3879""",43411,"""9 Mosinee Plaza""","""£59.13"""
"""c1d1797d-17fd-44b2-8628-50e6369ff383""","""Corly Mourgue""","""790-05-9117""","""01/13/2019""","""084 Shasta Junction""","""£98.71"""
"""907fe76e-3c90-4267-958a-3168d5b6ac88""","""Edie Champniss""","""517-38-9441""",43526,"""0320 Killdeer Alley""","""£63.34"""
"""5371f450-a09a-4f4c-8fc3-bfec79774598""","""Ozzy Cribbott""","""332-64-9291""",43446,"""0 Merchant Junction""","""£25.44"""
"""91ca22d0-2523-4791-8f1f-4c6e3da28356""","""Coletta Plows""","""385-02-3577""","""07/28/2018""","""2423 Valley Edge Circle""","""£62.98"""
"""0453082b-3582-47cd-99b6-a11a93ae7695""","""Corella McAtamney""","""747-26-8605""",43291,"""6 Almo Hill""","""£36.00"""
"""24aa335e-56d0-4f80-aa29-b580a0c7440e""","""Maren Eagling""","""299-91-7169""",43527,"""87 Weeping Birch Road""","""£99.03"""
"""a2ea3e06-8792-49f3-9f6c-08ebeb9ddb89""","""Wolfie Stollenbeck""","""435-64-9319""",43257,"""5 Esch Road""","""£80.46"""
"""babccf7b-a1f3-4d73-916c-9f73d9f3d0c3""","""Aila Rubinowitch""","""264-22-0459""","""09/14/2018""","""79 Caliangt Point""","""£63.15"""
"""3a49e797-40dd-4d37-85e6-c68e01d94433""","""Torrin Dorbon""","""140-51-4571""","""05/26/2018""","""01363 Almo Road""","""£41.40"""
"""7e08d227-ff0b-4759-8dbf-ed03071cc510""","""Sammy Ocklin""","""800-39-3579""","""08/21/2018""","""0 Annamark Terrace""","""£74.18"""
"""144c9d72-ea53-4a86-8d05-df754cfc65eb""","""Geoffry Francecione""","""574-93-5584""",43349,"""3 Forest Dale Road""","""£52.51"""
"""27312b49-ddfc-4281-8148-9e34b251fe8d""","""Meghan Borrott""","""783-09-3971""","""11/30/2018""","""79 Havey Plaza""","""£12.34"""
"""806fb3db-321c-464e-ba05-679cb7c87902""","""Freda Fosdick""","""771-57-6704""",43261,"""0353 Hanson Lane""","""£29.11"""
"""66b30d24-4922-4e4f-80ea-608bf10bb233""","""Jorgan Reichhardt""","""542-15-1588""",43381,"""8758 Superior Road""","""£94.72"""
"""d08de87c-9b1f-4e93-83a5-5f7cf8d45bcc""","""Cornie Behr""","""170-35-0253""","""12/23/2018""","""6 2nd Lane""","""£68.82"""
"""1b912bc2-93ae-40ef-bcb2-b6779a300adb""","""Denna Godfray""","""661-40-4738""",43352,"""58 Carey Avenue""","""£71.79"""
"""51c63d7d-79b2-4685-840f-5490559e954d""","""Moyra Labrum""","""300-32-7472""",43111,"""687 Chinook Avenue""","""£48.88"""
"""6df2a6ce-d796-498e-8d2d-683315dccd32""","""Bord Gowenlock""","""201-37-8056""","""01/27/2019""","""9 Pleasure Junction""","""£39.62"""
"""bdc8aea8-9629-4eac-9f44-fe7183be094a""","""Winifield Burbage""","""766-41-7981""",43710,"""75 Golf Road""","""£77.53"""
"""8d56546a-97ba-4a98-a0e7-942c5de472df""","""Sascha Plett""","""679-10-6085""","""12/21/2018""","""9297 Sachtjen Park""","""£45.15"""
"""82cc9d1a-8f3e-4c86-9f13-1d2b0715d102""","""Francine Rabier""","""136-25-8620""","""06/27/2018""","""1 Gulseth Hill""","""£39.63"""
"""ed164f5b-809b-466a-b737-18aa187a7002""","""Devlen Leamy""","""708-93-2141""","""10/28/2018""","""8650 Bunting Lane""","""£33.32"""
"""85a21015-9829-402c-a06c-f03ec5d1daaf""","""Roma Malcher""","""590-55-4897""",43443,"""2136 Crest Line Street""","""£50.29"""
"""946a590b-4294-4ff3-a9aa-e33440ed1d0f""","""Lydon Ellesmere""","""318-34-1924""",43231,"""01359 Melrose Lane""","""£97.65"""
"""407166f3-05da-4ca8-9be4-4448e40fabf8""","""Gearalt Keel""","""352-50-3567""","""04/27/2018""","""4 Ohio Road""","""£45.26"""
"""b09611e2-0497-48df-968d-062bd2037da9""","""Joscelin Duggary""","""335-72-2987""","""04/24/2018""","""5963 Loftsgordon Avenue""","""£64.83"""
"""499aef49-d216-4cef-b792-a5be3b0cc599""","""Britt Beefon""","""504-84-5811""",43321,"""10385 Holmberg Terrace""","""£73.50"""
"""0309acea-3fb8-4b08-a253-a3c2ee7a61d5""","""Robinett Rubert""","""869-73-7721""",43104,"""23 Di Loreto Circle""","""£35.04"""
"""fab8b764-1dd1-49ab-a4e2-822c67aeca41""","""Glenn Ties""","""251-70-5511""","""02/24/2019""","""0 Doe Crossing Circle""","""£38.88"""
"""0960f0b4-8c52-4021-b70b-cb459c6cd525""","""Kassie Brithman""","""293-82-0378""",43446,"""2 Sutteridge Alley""","""£36.50"""
"""692144d9-badc-44f3-a4c7-5b69823b972a""","""Jaynell Cooper""","""565-68-7970""","""05/24/2018""","""7 Butterfield Center""","""£97.34"""
"""23ea8347-27ce-4c48-8560-e3102f04b8a4""","""Ulises MacKomb""","""498-46-8346""","""06/28/2018""","""20 Sunnyside Street""","""£5.54"""
"""480ab030-8257-4828-b2ee-945eb9d4d38f""","""Taite Townsend""","""265-09-9824""","""08/25/2018""","""62 Roxbury Center""","""£9.49"""
"""7917c34c-98f6-4af3-b024-312764b98b56""","""Dulcie Balog""","""344-07-0686""",43438,"""1 Dahle Alley""","""£32.57"""
"""483e6856-4207-4eb0-8bd9-da283baf6606""","""Tye Willacot""","""513-09-6554""",43586,"""7934 Parkside Place""","""£30.70"""
"""2f482bfa-2ce4-401c-841c-faf3b413a95e""","""Raimund Capineer""","""207-08-6331""","""06/22/2018""","""2018 Pennsylvania Pass""","""£96.35"""
"""c3af99ad-1880-42b9-9d24-695837929095""","""Delmor Dew""","""690-92-2238""","""08/27/2018""","""8 Larry Way""","""£97.81"""
"""ba1b930e-878d-417a-a647-0730b5e6b45a""","""Elisha Simonnet""","""742-12-2571""",43379,"""013 Del Mar Trail""","""£88.35"""
"""a35c9fcb-2dcf-4322-a839-2e4641a12225""","""Aloysius Grabeham""","""488-25-8708""","""10/15/2018""","""4736 Lien Crossing""","""£47.26"""
"""c83aca70-005f-48fd-a8ea-4f2f6617ff4a""","""Kelci Dell 'Orto""","""715-02-1282""","""06/22/2018""","""212 Prentice Park""","""£93.98"""
"""e5363c9b-9a1b-41a9-b7f5-62ae4ca3cda7""","""Averil McPake""","""479-52-0453""","""02/25/2019""","""3458 Stang Hill""","""£47.45"""
"""7a766c05-49c2-4260-9d4c-3ce81007f751""","""Cecilius Buckthorp""","""753-71-5503""",43258,"""1688 Stephen Hill""","""£15.16"""
"""a0911020-2b86-4647-907d-39ae6cdd9cec""","""Erin Beamand""","""473-84-5491""",43647,"""0744 Morning Point""","""£4.16"""
"""b618c406-9b75-4e7e-88f4-4869df504596""","""Dorey Scown""","""289-99-9466""",43227,"""340 Bultman Terrace""","""£73.10"""
"""0d25dd68-4187-422f-b0a9-8a09ffd9f382""","""Elisabetta Alcalde""","""783-79-0411""",43316,"""2410 Chive Parkway""","""£52.44"""
"""d4bdda14-cc75-4bc0-8998-f9d6c251bd35""","""Lydie Gerant""","""477-47-8492""",43348,"""8 Anniversary Street""","""£61.16"""
"""a9160838-945d-469a-9c1f-50dbf10fb50c""","""Horten Petrosian""","""656-23-5893""","""10/30/2018""","""0895 Gateway Trail""","""£34.64"""
"""09057cb0-378c-4060-8eb4-a3a52c9e9b20""","""Constance Georgeon""","""196-82-4183""",43445,"""4 Fairview Center""","""£91.85"""
"""2e32a2cd-3bc4-42d9-ad8f-5ca012c13e3d""","""Livvie Elsmore""","""534-13-2191""","""07/22/2018""","""292 Schmedeman Plaza""","""£8.58"""
"""45f839bf-b560-45da-85fd-2a5c1da51fb9""","""Lucine Jennrich""","""812-99-5734""","""09/15/2018""","""0 Hovde Way""","""£33.83"""
"""ade82719-5225-4a66-81db-793ec5ea2a21""","""Hattie Alberti""","""638-13-5304""",43384,"""0204 Carpenter Lane""","""£86.42"""
"""58b6be5a-0107-4ec9-bfab-60a7b48d7b5d""","""Tonye Duff""","""299-67-2073""","""12/23/2018""","""42 Portage Center""","""£80.05"""
"""bf0ecb49-6ae2-48a4-b927-dd3f45f7909a""","""Elsinore Streeter""","""548-90-7909""",43525,"""08 Debra Street""","""£88.24"""
"""1a8eb322-6f3a-471b-a132-907b88beb96a""","""Laetitia Quinane""","""697-60-5095""","""03/27/2018""","""7042 Mosinee Drive""","""£68.30"""
"""63ccebc1-c2e6-4c11-8e4e-febf9f09ed6c""","""Adella Ballantine""","""218-69-3602""",43319,"""23 Mosinee Street""","""£54.71"""
"""b853d3c2-7fd0-498a-8e4b-2855c4da5e24""","""Everett Bridgestock""","""510-98-7484""","""05/17/2018""","""53569 Towne Avenue""","""£91.36"""
"""be991e0e-1fcf-451e-96d7-99231181ffba""","""Karlens Gamil""","""761-44-2365""",43679,"""4086 Springs Crossing""","""£33.32"""
"""a4cb188d-a731-417c-a244-09758eaba24d""","""Ericha Bluck""","""380-64-9431""","""09/19/2018""","""7 Pawling Road""","""£35.90"""
"""e775795e-d7d0-4eaf-9bd7-d1b11803f274""","""Rupert Soldi""","""634-25-0262""",43194,"""02887 Grasskamp Place""","""£95.03"""
"""eefb8a37-c58a-441c-b388-689a8d07515c""","""Dulcine Raoux""","""858-75-3205""",43259,"""55 Utah Point""","""£63.06"""
"""bbff01ec-b722-446f-bbc9-70e1c30e7651""","""Quintilla Bellenger""","""232-33-8635""","""06/21/2018""","""11 Summit Court""","""£12.48"""
"""14a70abd-11fc-4d8c-b8d1-3fa7198fd04b""","""Broddy Helliwell""","""140-69-2740""","""03/21/2018""","""11594 Tony Crossing""","""£47.60"""
"""1192450b-97dc-4a86-a9d8-c03250f36f93""","""Lesley Henriet""","""253-17-1549""","""11/19/2018""","""201 Clemons Circle""","""£30.67"""
"""4488b5db-20e8-423c-a317-411e974152d5""","""Peggie Saltrese""","""711-83-5226""",43232,"""9 Cascade Parkway""","""£84.52"""
"""8d1351b6-5a94-4851-a480-9941137ec715""","""Annette McGaraghan""","""486-01-8247""","""10/13/2018""","""1 Carberry Pass""","""£41.30"""
"""42f0236b-d091-4b67-abe9-7356e0c44eab""","""Katine Bridgement""","""127-47-1875""","""10/22/2018""","""1 Utah Center""","""£66.69"""
"""e904fbc9-ecc9-4b73-918b-fdd0fb2a15a5""","""Eloisa O'Dyvoie""","""675-31-2404""",43525,"""653 Luster Lane""","""£87.51"""
"""41e1b2e4-1859-4a07-9129-1998322a3844""","""Petrina Sitch""","""401-73-6504""",43292,"""5 Spenser Circle""","""£75.79"""
"""93eb9760-18ab-45ee-9b69-8c263d48ad0e""","""Michaelina Overil""","""267-36-6744""","""05/23/2018""","""999 Gale Court""","""£60.09"""
"""07fc6a37-68bc-433c-8629-d6a7f4628d22""","""Shayna Summerside""","""552-51-7235""",43324,"""1 Miller Avenue""","""£56.48"""
"""06b22f92-e210-49ec-869f-327158398488""","""Baryram Chasmor""","""419-44-9323""","""07/13/2018""","""6 Cascade Trail""","""£16.41"""
"""abcacc36-5941-4626-a3b3-b19d2b6c7278""","""Jose Feetham""","""443-06-1458""",43135,"""07 Grayhawk Pass""","""£44.36"""
"""870f91c3-12b9-47a3-8646-942fab575bee""","""Danika Hartmann""","""254-72-9231""","""11/16/2018""","""72311 Muir Crossing""","""£92.04"""
"""6f6752d5-070f-4614-8665-31a3c5e36809""","""Morganica Figgen""","""448-83-7996""","""01/15/2019""","""69 Memorial Parkway""","""£28.79"""
"""2c4ee910-4d1b-412d-8db1-412f4dd06181""","""Isador Cassley""","""112-19-6548""",43445,"""100 Northwestern Hill""","""£48.37"""
"""f522ccbd-7e86-4268-833f-1362a1c289b1""","""Adey Upcraft""","""302-31-3019""","""08/23/2018""","""2 Tomscot Center""","""£57.47"""
"""5924055e-2d8b-4475-965a-cacbc5e98f57""","""Cecil Lace""","""329-31-4072""","""02/23/2019""","""6089 Green Ridge Crossing""","""£8.20"""
"""fa7c7085-9c13-4fd7-b262-a9daf0f1c0ef""","""Ermengarde Hastelow""","""354-05-9612""","""05/20/2018""","""5 Rockefeller Trail""","""£66.99"""
"""770617a0-1541-4887-8980-5c502b425f9e""","""Wylie Latek""","""336-92-3996""","""02/23/2019""","""66756 Lerdahl Avenue""","""£10.18"""
"""faa86953-eb96-4766-8a72-74449f639bab""","""Salomon Manchester""","""317-55-3597""",43318,"""01 Roxbury Crossing""","""£63.67"""
"""b010c16e-419a-452c-998d-75c40816c010""","""Rosanna Hawthorne""","""502-46-7989""","""03/27/2018""","""8637 Debs Circle""","""£18.27"""
"""20326567-b974-428b-a6ac-ac26a7a5ad9f""","""Cosette O'Leagham""","""632-56-0529""","""07/28/2018""","""1 Larry Place""","""£91.82"""
"""237a2e30-07c6-49bc-8e2f-0079e5f7dc31""","""Gertrudis Oldman""","""892-75-7771""",43348,"""8542 Jackson Alley""","""£17.96"""
"""70a90d53-9621-4877-9a42-d30522e124fa""","""Anne-corinne Tudhope""","""545-11-6256""","""07/20/2018""","""03 Messerschmidt Parkway""","""£19.38"""
"""d6916d06-8e15-4c86-a84d-26f1f7c66e4d""","""Bran Raftery""","""709-35-1995""","""11/18/2018""","""3610 Sage Point""","""£72.29"""
"""48e23dea-58a2-498a-b4b1-d21f02f91fbf""","""Effie Larkings""","""655-12-4113""","""10/26/2018""","""875 Jay Trail""","""£89.15"""
"""afddffec-491d-4739-975a-310d1e753152""","""Bethena Haysom""","""689-46-4063""",43164,"""30 Ruskin Avenue""","""£57.86"""
"""1d04c3d0-6d75-46f2-8c38-94279241f630""","""Eula Whild""","""863-67-7098""","""11/16/2018""","""42726 Hayes Plaza""","""£12.32"""
"""a276739f-2dd2-4133-bc44-5558b336aa8b""","""Maggy Gemeau""","""754-55-8444""","""01/29/2019""","""989 Mallory Place""","""£79.87"""
"""12222307-80d5-4ed4-819f-b2148d1bfcf6""","""Demetre McKune""","""640-39-3392""",43105,"""7136 Larry Drive""","""£50.20"""
"""f34695a9-9e4b-4893-ba6a-3e4a3a6fd6be""","""Arlina De Beauchamp""","""454-26-2479""","""01/17/2019""","""0595 Commercial Parkway""","""£30.73"""
"""0adafd35-c7e6-4a64-9ae3-2adb7bce6b9e""","""Danie Huxley""","""614-78-5035""","""12/20/2018""","""88 Packers Place""","""£78.07"""
"""af4aedd6-5ab3-4e7b-9b44-40a8ce9ec51d""","""Gunther Greenhill""","""834-67-3991""",43262,"""7613 Spenser Terrace""","""£24.23"""
"""2a1477bf-619f-4cd1-ba7a-4dedc889eccf""","""Briana Baum""","""381-07-7178""",43196,"""3 Dunning Junction""","""£87.22"""
"""ffd82b1b-b8fb-48af-98de-123b2bd47e7d""","""Andi Bubb""","""599-95-2681""","""02/26/2019""","""183 Menomonie Junction""","""£77.29"""
"""6e5cbd33-0f30-4a67-a164-351d965734be""","""Cary Buck""","""561-10-0195""","""01/29/2019""","""8469 Thierer Park""","""£98.25"""
"""39edb03e-2a1b-4aee-863f-b266252710a2""","""Ruperta Fawthrop""","""887-43-9610""","""01/28/2019""","""17 Lukken Alley""","""£5.72"""
"""fdfae525-7fe3-4d90-8cca-2d1160dd52a2""","""Ebenezer Stothard""","""723-15-5891""",43136,"""07301 Hudson Lane""","""£76.21"""
"""48c46ee9-661b-4306-b8f4-6cf4ea0c4eca""","""Abigail O'Rowane""","""752-04-2624""",43408,"""96942 Fordem Crossing""","""£56.48"""
"""1fbe1de1-a790-49a4-9469-802cd40ed72a""","""Horten Gotcliff""","""371-37-8734""",43140,"""47 Dunning Trail""","""£66.94"""
"""c27978c1-250f-4fdd-8d03-9c15a3fa407d""","""Euell Gotling""","""497-41-2164""","""04/22/2018""","""22681 Rusk Pass""","""£35.95"""
"""e8f0ca8b-f277-466c-9be9-43ee76583494""","""Sherye Geffcock""","""618-40-9998""",43288,"""508 Kings Alley""","""£32.85"""
"""4b2d9905-456f-4008-ad49-0e62e1bafc99""","""Leandra Lowton""","""136-20-0213""",43228,"""70 Dennis Hill""","""£84.52"""
"""1aa33c77-acba-4869-8ce1-d0808822aad9""","""Dorris Spilisy""","""170-33-7265""",43740,"""7329 Reinke Junction""","""£37.14"""
"""7e75af92-6a0b-4495-97b8-7b573eab68b0""","""Tedie Springall""","""519-72-1930""",43444,"""2 Mayer Court""","""£58.78"""
"""028050c5-44cb-4df2-9939-19e79c1c1a0d""","""Mac Bascombe""","""698-15-6833""","""06/22/2018""","""25 Portage Plaza""","""£16.54"""
"""d01246b0-2ad9-4f43-9569-1669674b354b""","""Wallis Merredy""","""177-07-5942""","""06/16/2018""","""72 Clemons Drive""","""£30.79"""
"""a08c4990-1fd6-410d-b928-1e2bc0df5704""","""Gipsy Gresser""","""897-11-1702""",43349,"""7264 Cody Terrace""","""£5.76"""
"""38833151-4548-40e9-8512-8d4e9023d30d""","""Pryce Crowden""","""824-01-7939""","""08/20/2018""","""23259 Farragut Center""","""£65.78"""
"""54913005-87ca-42d7-8ad2-66b31457b9e8""","""Fannie Screach""","""582-29-4265""","""02/16/2019""","""631 Esker Terrace""","""£92.16"""
"""92982578-1d22-4092-b475-1a9d96425c91""","""Blanch Tivolier""","""866-57-1401""","""12/28/2018""","""3287 Knutson Drive""","""£4.64"""
"""7fc30089-f533-47a0-ba61-cb4824ce91d5""","""Bernadette Milsted""","""764-66-7632""","""03/31/2018""","""7343 Dahle Hill""","""£29.40"""
"""34e28adf-528f-4ea1-a517-af70e268a707""","""Jan Blaze""","""423-34-3408""","""08/27/2018""","""4196 Becker Trail""","""£71.39"""
"""471cece7-6e03-41d5-a9d7-8c17e34cee7d""","""Gretta Gosalvez""","""622-30-0822""",43407,"""8 Garrison Point""","""£7.55"""
"""fc522399-78f3-4174-a7f0-00f933c7f91f""","""Simone Hollington""","""497-15-4659""","""08/31/2018""","""59 Bartillon Avenue""","""£56.25"""
"""e37798cb-2305-4147-a423-d1ea099b53c7""","""Ciel Furse""","""200-56-5058""","""07/31/2018""","""0527 Ilene Court""","""£34.17"""
"""5d17e35a-661a-4fb1-b56c-68ab86687071""","""Darlene Delacourt""","""396-39-1477""","""10/27/2018""","""379 Mendota Drive""","""£90.86"""
"""1a98bc39-c7f1-45e5-a045-2d075869735f""","""Ikey Pendrick""","""685-96-8264""","""09/13/2018""","""73528 Mccormick Trail""","""£73.12"""
"""9fcdcfd0-855a-4248-ba83-5eacec185337""","""Mead Bremner""","""789-49-9809""",43349,"""29 Muir Road""","""£9.69"""
"""0684c701-1127-44da-88c8-faaea1156f3e""","""Robb Vost""","""449-70-4234""","""05/26/2018""","""96804 Hanover Place""","""£88.37"""
"""3812572d-faf6-4cd3-a8e6-b1c36fe3f704""","""Jeniffer Shellum""","""672-15-8160""","""11/21/2018""","""00 Blue Bill Park Hill""","""£12.85"""
"""8f6d89bd-9c7b-4085-a896-b29f2786a533""","""Teriann Farherty""","""531-58-1282""",43770,"""4660 Cherokee Lane""","""£16.68"""
"""e34eae3b-3fa2-476d-ab9d-44141f432fa1""","""Arlen Rickson""","""421-59-6568""","""08/14/2018""","""432 Hoffman Circle""","""£75.08"""
"""8e9cea7a-ded5-47a0-84bc-cc7062b93f40""","""Jerome Fleg""","""696-42-2285""","""06/30/2018""","""47 Sutteridge Circle""","""£84.08"""
"""8588f5b8-3b10-48d9-9014-6dae5e215ada""","""Trixi Richings""","""187-29-8043""",43228,"""174 Hoard Road""","""£71.37"""
"""a671baae-727d-42eb-ba78-d20804967e81""","""Ellen Heyball""","""599-60-4723""",43437,"""2570 Lakewood Hill""","""£58.09"""
"""6476b830-a5f2-4901-a91f-a3bd4f4fec1b""","""Earvin Hrinchishin""","""136-89-6345""","""06/17/2018""","""69691 Carey Place""","""£6.77"""
"""74e7357f-f163-4771-8916-55a2af7d4ad5""","""Hanan Anersen""","""609-82-8005""",43408,"""46 Florence Hill""","""£6.93"""
"""44903d29-c343-47f1-91b3-a52721946f6b""","""Isador Prime""","""256-35-7337""",43437,"""72 Hooker Court""","""£69.13"""
"""fa6175f2-ca96-4cc9-9efc-9f53c46a7480""","""Denice Witherden""","""283-85-1241""","""12/23/2018""","""74 Caliangt Way""","""£33.29"""
"""b95e2c10-5224-45a9-8416-8d6f8133e269""","""Edna Feveryear""","""416-59-8840""","""03/21/2018""","""5148 Eastlawn Park""","""£57.70"""
"""156016b8-f5a0-49b2-8d64-00a72e9178f0""","""Ky Lazare""","""499-82-7200""","""01/24/2019""","""618 Upham Trail""","""£17.50"""
"""2f874dd9-850b-46a5-9cb2-79baa6b1949e""","""Shirley Dikelin""","""768-15-3904""",43261,"""677 Elgar Terrace""","""£69.78"""
"""bcba8ecb-ecdb-454a-bc92-2a25d9848012""","""Ichabod Bonwell""","""580-91-9210""",43468,"""8 Bobwhite Drive""","""£40.30"""
"""feafcfa6-109b-4200-ab99-bf36b374cf4e""","""Klarrisa Dyers""","""261-90-1322""","""10/28/2018""","""27615 1st Alley""","""£5.88"""
"""858e940a-23a1-4da0-be27-513db2b7a883""","""Fairleigh Jurasek""","""727-95-3399""",43678,"""9423 Pankratz Center""","""£80.62"""
"""66c73459-532e-46f9-a915-2dbda121894b""","""Maxie Pfaffel""","""609-25-4429""","""12/13/2018""","""1786 Moland Street""","""£91.46"""
"""315129bf-c59e-4b97-bbb5-fd26e78434d3""","""Demeter Pigeram""","""138-29-6796""",43709,"""1 Comanche Parkway""","""£98.20"""
"""fbcc2d5b-ce23-4a62-9d64-04a4077b2e46""","""Sullivan Nash""","""878-76-4237""",43384,"""9411 Oneill Road""","""£77.74"""
"""f86d9ba2-7029-4bfb-8ddc-c9ce602e33d2""","""Billi Sporner""","""441-75-2045""","""06/16/2018""","""7081 Pearson Drive""","""£60.01"""
"""a5fd8a21-38e3-4db7-bcb9-6852615e8a06""","""Lesley Ferrini""","""138-38-7714""","""04/22/2018""","""8 Briar Crest Terrace""","""£80.62"""
"""f2d847e5-4182-4c8a-8ce9-53c0450e8fd8""","""Danell Kasper""","""803-06-5974""","""10/21/2018""","""52248 Buena Vista Lane""","""£32.41"""
"""3945a77c-9eb4-4686-b74c-5a626e82a0a6""","""Kristan Elsie""","""629-75-9839""","""10/13/2018""","""5 Mallory Hill""","""£15.06"""
"""cf654db0-f6a6-4a7f-8c61-5ac4113c70f8""","""Bili Nias""","""414-73-6545""",43647,"""51326 Atwood Avenue""","""£55.91"""
"""8fb33584-ed1d-48e1-831d-35b6ffd02869""","""Cherilyn Butts""","""381-93-4465""",43229,"""61 Center Way""","""£45.44"""
"""a9a690ab-c713-42b0-a5be-d2e8d0b6ef54""","""Gay Classen""","""196-21-1356""","""02/20/2019""","""933 Mitchell Plaza""","""£25.99"""
"""35d8d447-c00c-40d5-ab2a-c45e53b64721""","""Gerladina Lempel""","""828-92-4083""",43354,"""59 Butterfield Parkway""","""£20.07"""
"""e6af2e45-31b8-49cb-afff-f7a109372b58""","""Halimeda Edgin""","""308-49-9475""","""07/24/2018""","""11 Calypso Trail""","""£15.30"""
"""bc8c28d4-3c3b-4682-8778-820f79c22439""","""Eustacia Meechan""","""669-58-2055""","""01/20/2019""","""737 Lukken Circle""","""£92.86"""
"""1f4cf10a-651d-4bb7-a436-4bb33b88d1ba""","""Bettye Slayton""","""536-90-1868""",43255,"""92 Goodland Street""","""£77.03"""
"""e19cf75c-36fd-4fe3-a637-961c621c4aba""","""Robina Hullbrook""","""385-77-1347""","""03/19/2018""","""05 Cascade Terrace""","""£77.16"""
"""7a996abd-4fe1-4609-92bd-8eae7e88b933""","""Bamby Plevin""","""442-98-4016""","""06/17/2018""","""005 Ludington Terrace""","""£26.10"""
"""30b54855-12d7-4484-9eb2-509fdd2f601a""","""De Depka""","""294-26-0614""",43385,"""157 Browning Circle""","""£68.81"""
"""81cfd0b4-f242-4444-9599-abd5b340e527""","""Nicola Holmyard""","""406-04-3096""","""11/30/2018""","""588 Karstens Parkway""","""£54.54"""
"""29e0f9af-7871-480f-8b36-4bb85e7d62b1""","""Juliane Lawland""","""597-17-8381""",43324,"""1754 Prairieview Park""","""£94.40"""
"""8ae4e52f-a81f-4656-8417-3a1fab9b8462""","""Bertrand Roberson""","""395-99-1073""","""04/18/2018""","""0 Loomis Street""","""£39.53"""
"""482aa17c-800e-42ce-8c4a-dd16f60a45b2""","""Mabelle Colledge""","""448-16-5381""","""09/23/2018""","""25 Starling Drive""","""£58.18"""
"""409a1fac-6825-429b-8cd2-a1327d53160d""","""Reagen Thandi""","""571-05-0095""",43350,"""8 Luster Center""","""£79.56"""
"""c40cfaea-28c6-48e6-ad4f-66b2a1529ae5""","""Adolphe Faireclough""","""245-17-9578""",43196,"""7226 Mcguire Circle""","""£62.64"""
"""2e361e34-7b5b-4ad3-88b6-d30c081e76e2""","""Jaquenette Bremeyer""","""593-85-7329""",43347,"""034 Buhler Plaza""","""£61.88"""
"""fc4b6770-b1cc-442e-931c-50cf5e56c077""","""Pet Olner""","""214-12-4719""","""09/30/2018""","""82148 Harbort Street""","""£55.14"""
"""6d65df5f-c62f-4a64-be04-76315bc81256""","""Gerti Hassewell""","""617-56-7549""","""12/25/2018""","""31 Cottonwood Plaza""","""£97.15"""
"""6fc6cc47-f96a-47c9-bfb1-e95dbbc43420""","""Brock Hallgalley""","""698-64-4519""",43104,"""33463 Harper Place""","""£81.81"""
"""5130b3e6-df0c-4dd8-8d99-27fd90533eaf""","""Grazia Dudley""","""343-22-4526""","""05/14/2018""","""7810 Transport Way""","""£41.20"""
"""fec3d8c3-0c53-46ce-b73f-0030652e42e3""","""Brana Harvie""","""424-64-2636""",43618,"""4 Tony Hill""","""£4.92"""
"""35164886-2c53-43a0-a2f0-042d53a274dd""","""Alexis Bordman""","""480-18-6034""","""03/22/2018""","""91472 Hauk Parkway""","""£92.71"""
"""33b921f2-cc33-4fb9-86b9-7e606187e74f""","""Gilles Dunstall""","""226-43-4014""","""10/30/2018""","""94 Algoma Court""","""£33.31"""
"""345df98f-3f08-479c-a249-5bb305ef8314""","""Adrienne Yare""","""527-06-2466""",43231,"""8110 Anderson Parkway""","""£79.98"""
"""d626469a-9c33-4135-a5d0-82641776dc1b""","""Wake Pyzer""","""465-66-9901""",43228,"""1 Chive Crossing""","""£10.49"""
"""33b5c976-9e3a-4724-8ee1-1a99603c57b6""","""Vevay Lishmund""","""747-07-0514""","""09/24/2018""","""7 Fulton Plaza""","""£81.99"""
"""4ad8cd7c-4e86-488a-ac05-83a21047fae0""","""Roma Coomber""","""101-13-2876""","""03/18/2018""","""85 Luster Parkway""","""£88.26"""
"""0cb22634-11ca-4702-a544-4191dbf0f7b4""","""Dev Hedges""","""512-85-3424""","""10/31/2018""","""1466 Birchwood Alley""","""£69.19"""
"""dd48490c-88de-49c4-9845-278241375630""","""Greta Perrie""","""443-08-3418""","""08/14/2018""","""1192 Sloan Street""","""£75.79"""
"""dc68c5cd-700a-46dc-91da-160d6e8258d6""","""Man De Laci""","""310-84-1234""","""02/27/2019""","""892 Forest Dale Parkway""","""£19.20"""
"""5177b13d-7433-429f-a5a1-b17f43071b20""","""Roscoe Rosensaft""","""789-74-6288""",43739,"""5 Summer Ridge Pass""","""£9.49"""
"""438707be-a709-4786-aba2-63eb2388a02b""","""Dulcia Hannent""","""580-30-1897""",43348,"""8 Tennessee Terrace""","""£75.69"""
"""4145983c-e73c-445b-aeda-2bf79e11cc41""","""Stan Lidgate""","""778-73-6264""","""09/20/2018""","""655 Chinook Drive""","""£19.32"""
"""cbcda00c-aaa7-43d5-bb5d-96ed5e42ce2d""","""Roy Bezley""","""786-72-4987""","""06/14/2018""","""9 Melody Crossing""","""£12.94"""
"""1a5354e5-ae3e-4896-a733-20ef758b653f""","""Melinda Cuseick""","""451-30-3633""",43198,"""0 Farmco Lane""","""£60.08"""
"""db602835-dd1b-461a-90bf-f188f04aff08""","""Kass Searchfield""","""204-06-6593""",43739,"""47016 Dayton Junction""","""£87.11"""
"""900673ed-1d24-469d-80f4-dbf95b8a9dd2""","""Margery Mainstone""","""145-97-9982""",43323,"""67159 Becker Terrace""","""£77.65"""
"""15272dc9-5cb4-47e6-a365-9e21292df77c""","""Shanan Matisse""","""591-69-7591""",43498,"""03 Service Avenue""","""£26.29"""
"""3ffe19d1-ca1c-4288-855d-9f96efbee468""","""Tabbie Hagard""","""447-47-5555""","""01/29/2019""","""32 Monica Alley""","""£90.74"""
"""cc9f5aa8-23fb-429d-a21b-258bb0c54c24""","""Frannie Conford""","""413-57-7827""",43259,"""62693 Parkside Circle""","""£19.08"""
"""bcb04253-eac7-4527-afaf-4c5d22f280a5""","""Kipper Tees""","""229-89-6941""",43105,"""57591 Hoard Lane""","""£23.81"""
"""919ac6cd-34a4-4e40-b055-da5b1f81fb78""","""Isador Brassill""","""206-83-7833""","""08/29/2018""","""92 Onsgard Court""","""£99.37"""
"""8467c79f-04a7-4d6f-9dea-7125aebcb7e2""","""Jeffry Nani""","""287-34-8778""","""04/22/2018""","""20328 Dottie Lane""","""£83.86"""
"""06c41776-e832-467a-ae95-ec815ed3cb2a""","""Zach Aleevy""","""120-79-8684""",43526,"""2121 Walton Circle""","""£70.66"""
"""d9f37861-7dfe-4f6a-b2a4-7d5ee39374d2""","""Nicolette Otley""","""124-59-6774""",43315,"""6020 Bellgrove Trail""","""£34.06"""
"""851f5673-5216-409e-a98a-c2f0d58b6b2d""","""Eadie Golson""","""375-08-3981""",43170,"""34773 Mariners Cove Road""","""£79.29"""
"""87511cd4-6407-4073-9e0a-6bd00c07d5d4""","""Jasmin Carlesi""","""185-57-3352""","""05/21/2018""","""03 Hovde Plaza""","""£23.30"""
"""9ef99bd5-09ac-4e95-b6ca-351ca312ecd2""","""Bernardo Livezey""","""536-36-1042""","""06/13/2018""","""4058 Sage Point""","""£47.72"""
"""5812d97c-9b53-4bcc-b39f-7929d6122fcf""","""Hanni Gauden""","""725-57-6714""","""12/13/2018""","""14 Buhler Road""","""£6.25"""
"""ccc54aad-1ac5-4579-9f9a-360c267a69d0""","""Dulci de Keep""","""269-95-2833""","""03/14/2018""","""15 Heffernan Center""","""£53.58"""
"""57bcbad2-ae07-471a-9d5b-dcc793040e65""","""Marietta Dunkerk""","""104-32-7269""",43137,"""2355 Glacier Hill Junction""","""£99.15"""
"""94f15a0c-eaed-4e25-837d-002fa74e5e96""","""Reggie Burford""","""160-42-3128""",43315,"""012 Elka Point""","""£47.17"""
"""fddb524d-7152-464e-8e91-63c2fdcff534""","""Meade Raincin""","""174-50-2757""",43108,"""673 Kennedy Lane""","""£23.47"""
"""e2286a8f-9e2f-4b34-8211-200fa1b873d8""","""Kristopher Crookall""","""120-23-9306""","""07/18/2018""","""6093 Stoughton Plaza""","""£62.92"""
"""14d462ec-15ce-4d8f-bb26-f4c84f7396e3""","""Benny De Anesy""","""322-15-3172""",43377,"""507 Washington Trail""","""£51.71"""
"""42f8db93-c38b-407f-8e5a-bd47c6897f34""","""Otis Tallis""","""278-86-1569""","""10/28/2018""","""87644 Evergreen Drive""","""£83.35"""
"""50a5e516-85a4-4642-b000-42edf1813c49""","""Jordana Tomaschke""","""379-18-0402""","""01/30/2019""","""7 Arrowood Terrace""","""£46.58"""
"""a6171165-9603-49ea-b115-fe63a07d7e9a""","""Pancho Dominy""","""820-74-4837""","""10/21/2018""","""37 Reinke Crossing""","""£39.79"""
"""dc77c2d2-4b4b-4884-b6a4-1bb36e3d5b13""","""Benjamin Guillou""","""450-56-2309""",43164,"""75 Goodland Alley""","""£31.07"""
"""de29e65a-3958-4df8-864d-c0dce1f1d546""","""Mallory Grzegorek""","""539-50-2224""","""12/17/2018""","""79587 Hermina Hill""","""£48.50"""
"""ee9eb529-3afc-420f-9626-496c7e906965""","""Gill Burrass""","""786-16-0885""","""12/24/2018""","""2549 Bultman Park""","""£98.73"""
"""9777e7e2-3d22-49e8-8df1-3a2a141a648a""","""Vachel Gayle""","""500-47-2824""",43378,"""9 Warrior Alley""","""£95.27"""
"""b55b0907-8844-4963-9191-f95ee4078ade""","""Hazel Yelding""","""262-07-1920""","""06/21/2018""","""1537 Grim Drive""","""£18.41"""
"""eae7bb04-d5ae-4894-9a1e-4873a4d30f47""","""Bar Surgener""","""753-38-4935""",43618,"""3 Cambridge Road""","""£53.05"""
"""4fc60789-c727-434c-9095-f3a2e8ba9a35""","""Gordie Camfield""","""234-89-8404""",43378,"""5 Toban Alley""","""£65.18"""
"""6d66bf23-20b9-4c75-8681-2a828d5cd473""","""Breanne McQuaide""","""623-91-1322""",43316,"""5 Dovetail Circle""","""£13.70"""
"""0190694a-b8ba-458d-9fd4-afc4244a35e2""","""Tandi Krebs""","""793-21-4301""","""11/28/2018""","""081 Swallow Center""","""£23.65"""
"""d9c75193-e60a-4b36-a2d2-d5b4212464b9""","""Ganny Wychard""","""854-36-9057""",43648,"""5 Dorton Alley""","""£37.39"""
"""0ed54f0d-240a-4255-9124-20bd055ab271""","""Jocko Veschambre""","""820-84-9163""",43413,"""0 Sachtjen Circle""","""£15.76"""
"""730f1a9d-c22e-4c08-9d16-c50f55ba0bd8""","""Beitris Brettell""","""853-71-4174""",43527,"""9 Prairieview Way""","""£81.77"""
"""4e830d7b-0ee0-461c-a755-8a846e851091""","""Faulkner Turville""","""276-87-2728""","""03/21/2018""","""529 Victoria Plaza""","""£18.17"""
"""6b88be76-72c0-4141-8d22-cec669240fb4""","""Georgiana Spavins""","""161-39-9837""","""05/14/2018""","""83 Nancy Plaza""","""£7.07"""
"""88bf97d8-5ead-4dba-b691-052de6c14dfc""","""Laughton McOwan""","""291-35-2748""","""02/17/2019""","""0 Pine View Alley""","""£54.07"""
"""b9ed35ba-aed4-4548-8693-505ae0332735""","""Myrta Hamsher""","""892-79-9663""",43385,"""1 Lighthouse Bay Hill""","""£41.69"""
"""f9131082-ef77-4310-8e91-a38d43f0a7a9""","""Cedric Boc""","""563-94-6913""","""06/16/2018""","""213 Paget Terrace""","""£23.12"""
"""674e6dd9-0e92-4013-97b1-61b09a284db9""","""Morissa Hellard""","""843-44-2483""","""03/18/2018""","""123 Menomonie Park""","""£5.97"""
"""b32f4d2e-e6fc-4cc8-8aa7-12eb10179667""","""Sherye Biddle""","""459-92-6938""",43410,"""858 Linden Pass""","""£83.30"""
"""01ac5092-cebc-4c34-931b-79679460a4f1""","""Elianore Teggin""","""552-19-5527""",43259,"""8214 Starling Crossing""","""£17.06"""
"""6b30d0bb-7b5a-4a55-89ac-6fceca560f3b""","""Brittni Snap""","""522-99-9198""",43109,"""0013 Southridge Hill""","""£78.90"""
"""a5b4a8a6-147c-4cda-8aba-e9eb2af4f155""","""Mendie Limer""","""278-12-7909""","""01/26/2019""","""6787 Jenifer Crossing""","""£73.53"""
"""675785cf-1e9a-43f8-b022-678369679967""","""Genevra Worton""","""664-28-3505""","""08/30/2018""","""1 Fairfield Way""","""£26.86"""
"""bfe3930f-37ab-48ce-b3ce-0d432247ded4""","""James Pacitti""","""782-51-8304""","""05/19/2018""","""1666 Badeau Crossing""","""£79.17"""
"""4e60e2d1-2ad9-43de-9bee-4f5d71c1b691""","""Enrique Booy""","""734-02-9043""",43349,"""8803 Westport Alley""","""£66.77"""
"""b7f8b29d-c5b5-465d-8014-17737aa5a008""","""Jenda Vorley""","""662-61-4196""","""07/23/2018""","""9518 Golf View Parkway""","""£78.11"""
"""1be8048a-2e41-45e7-b227-e072e9b5fc9c""","""Joey Melliard""","""319-42-5806""","""08/30/2018""","""365 Stephen Park""","""£72.68"""
"""571fe7e2-947e-47cb-ac80-f3aa7bb45fd7""","""Cherise Ready""","""258-81-6537""","""03/21/2018""","""8 Anderson Road""","""£31.20"""
"""d442596d-e7b9-4654-bab5-426884f0b273""","""Tatiana De Cruce""","""632-68-5355""",43498,"""3643 Village Green Hill""","""£76.66"""
"""aeab182a-8e43-4428-b438-85f150e83890""","""Sabra Stockell""","""735-96-3604""","""12/23/2018""","""2 Northfield Circle""","""£69.81"""
"""8eb792df-477a-4919-8a6d-5b9dc172570e""","""Hazel Gritskov""","""295-32-4440""","""02/19/2019""","""04 Hanson Hill""","""£99.45"""
"""c3c44807-e7d5-4d1b-ae7c-94777a457acb""","""Courtenay Champkin""","""146-38-4620""",43112,"""07 Summer Ridge Court""","""£32.03"""
"""10e7fd5c-10e4-44c2-bfcb-1369666c2ddd""","""Dermot Pykett""","""594-68-8105""","""06/19/2018""","""0772 Ludington Circle""","""£55.61"""
"""3354b20d-9876-4906-aeba-6e4023a182cd""","""Terry Whyteman""","""853-60-8897""",43416,"""394 Old Shore Street""","""£23.16"""
"""98b64fea-ff01-49ad-88a4-e4063d3b5135""","""Karissa Maunton""","""356-85-5692""","""10/16/2018""","""153 Algoma Drive""","""£21.22"""
"""5adae819-f60a-43fd-b2a7-d78f0ace3f54""","""Vitoria Oke""","""213-35-1242""","""10/26/2018""","""83 Oak Court""","""£36.23"""
"""637cb5ac-4cbb-4bf3-a054-147b43ad915c""","""Ursuline Mill""","""762-39-3746""",43739,"""24214 Grover Way""","""£69.74"""
"""e46fa6d8-9d15-40ec-ae13-de2a6cf670df""","""Consuelo Gianolo""","""247-14-3972""",43438,"""76081 Twin Pines Way""","""£18.30"""
"""7b80a3fe-503e-4a3c-82ac-02f12ecdf446""","""Dyna Lethcoe""","""560-01-7366""","""03/15/2018""","""956 Hauk Circle""","""£42.36"""
"""7687f3f0-8cb8-47ec-9982-0af7d7382800""","""Corny Braidford""","""784-40-9115""",43709,"""5 Boyd Lane""","""£5.15"""
"""088e2df5-a10f-4740-bade-20cf2f95d761""","""Alford Askey""","""555-57-1875""","""12/29/2018""","""254 Vidon Drive""","""£62.57"""
"""6fc63ddf-85d5-4ec0-80f1-1d9dc20e2b85""","""Avram O'Driscole""","""223-96-3677""","""03/23/2018""","""556 Luster Way""","""£15.79"""
"""d3381cb7-f21e-4820-8bf6-1c7a976c22eb""","""Michal Lambourne""","""594-05-5184""",43771,"""02 Homewood Circle""","""£53.24"""
"""b6ddbf62-aced-4d69-af80-542fcff08d93""","""Glad Erwin""","""280-37-9160""","""10/25/2018""","""771 Barnett Avenue""","""£50.98"""
"""f70777a2-4518-45d6-9aaa-2dbd86581a08""","""Leyla Allabarton""","""760-07-1685""",43678,"""28 Gulseth Lane""","""£95.43"""
"""9d257b22-5f29-4a90-9eb7-f32167ba3307""","""Clovis Memory""","""270-26-7721""","""06/21/2018""","""848 Bay Trail""","""£64.82"""
"""fd48d07e-ca8b-42bb-acd2-e464f47fe658""","""Codie Moncarr""","""135-33-0332""","""08/21/2018""","""6 Crescent Oaks Point""","""£33.33"""
"""d762505e-7dd1-4fcc-ab7d-1c5731e0f234""","""Rodolph Nettleship""","""476-79-3807""",43349,"""13 Ruskin Hill""","""£38.26"""
"""67627465-775f-4ab1-b995-9505f223f594""","""Zarah Lemasney""","""803-45-7725""",43105,"""1 Ridgeway Crossing""","""£72.77"""
"""32c70303-9371-4ef1-aa73-10f62eb57078""","""Eada Gymblett""","""186-78-8179""","""11/30/2018""","""8 Dayton Parkway""","""£12.79"""
"""53f41567-d96b-4544-af8c-afc5d838d4bc""","""Padriac Padley""","""711-02-5555""","""06/30/2018""","""7 Packers Lane""","""£39.83"""
"""772ad1a4-eec5-4bb8-a70e-91f46a58ec4e""","""Mirilla Coates""","""499-71-4654""",43441,"""41 Mesta Junction""","""£68.36"""
"""c0f50c90-4677-419d-8815-b0ef83339856""","""Hurlee Yedall""","""107-89-5288""","""11/29/2018""","""9 Armistice Way""","""£93.66"""
"""2053da8a-4001-4eaf-90e0-faaac58aab40""","""Fara Cunningham""","""508-08-2383""","""12/20/2018""","""878 Kennedy Drive""","""£11.00"""
"""1b8dac19-cc45-4013-a90b-9dc5b3c73cba""","""Cathlene Meffin""","""596-19-7013""",43136,"""1042 Clyde Gallagher Plaza""","""£69.69"""
"""a83f630f-81d6-4bcb-9e8f-97db5c06c744""","""Chip Lownds""","""722-03-1686""","""12/22/2018""","""391 Clyde Gallagher Circle""","""£62.65"""
"""8234e85c-ea4a-49be-a446-ffa996777d2d""","""Blake O'Mailey""","""162-46-4912""","""03/21/2018""","""6 Mallard Hill""","""£63.98"""
"""a093d89f-1eef-4f4e-a5e5-cfeb1fc7b609""","""Zach Scobie""","""637-47-4410""",43618,"""52 Holmberg Circle""","""£54.92"""
"""2ed6ba7e-6f95-4e94-9a6f-3694294e972f""","""Winston Buscher""","""301-35-1614""","""11/23/2018""","""11642 Ridge Oak Drive""","""£85.84"""
"""c642f440-3c79-4a74-8782-e504b68c2ce3""","""Bessy Carff""","""800-43-1268""","""06/29/2018""","""6448 Reinke Street""","""£40.78"""
"""4b5ae17e-2360-48ba-9c1a-9a7fe209b261""","""Mathilda Huge""","""806-05-2728""","""01/13/2019""","""63640 Wayridge Crossing""","""£57.45"""
"""3973b9c7-6dac-4e9c-add3-9c851f12ebe5""","""Wolfgang De Lorenzo""","""378-46-4472""",43290,"""13641 Homewood Pass""","""£36.78"""
"""c4b97625-f441-4fce-a0ee-6328ea338851""","""Elwood Stickells""","""110-10-8501""","""09/20/2018""","""7064 Morning Hill""","""£36.22"""
"""75594a9f-e732-4d32-9ef4-9cf8ec9d81fa""","""Kincaid McAnellye""","""757-97-0326""",43171,"""87642 Kenwood Circle""","""£80.42"""
"""fd232dc3-dfd6-4c2f-a92d-6eb422814e3f""","""Oliviero Richardes""","""551-85-1806""","""10/31/2018""","""6198 Main Terrace""","""£94.71"""
"""4f13502f-de97-4fa1-81f7-d7cf03c7b428""","""Freedman Strafen""","""229-76-7303""",43320,"""4771 Nova Terrace""","""£85.06"""
"""964bb424-a57f-4bfb-a0ea-3b5abf4d8c33""","""Riva Stallworthy""","""639-37-1036""","""06/17/2018""","""6 Cody Junction""","""£52.07"""
"""33d138b1-7dc1-4661-b568-5cb379f6f6f8""","""Kassey Graal""","""493-58-5116""","""09/28/2018""","""96063 Mallard Plaza""","""£48.79"""
"""e4a9a701-af72-40ed-afd4-c75c98470b44""","""Waneta Staddom""","""145-93-7102""",43415,"""5 Waubesa Plaza""","""£60.86"""
"""1734755c-ef9f-4c11-bcc7-6c8a5a08eb0f""","""Massimiliano Cuthbertson""","""695-72-7872""",43163,"""7480 Blue Bill Park Way""","""£55.01"""
"""5e032186-eeec-4063-8582-6922a41ccca4""","""Randi Channon""","""184-43-9248""","""12/21/2018""","""26086 Anzinger Park""","""£59.62"""
"""d9db77c8-d953-488d-bae0-d62caf0e5fb9""","""Tiena Joesbury""","""698-57-9810""","""10/28/2018""","""02812 Stephen Hill""","""£96.22"""
"""ae7e5677-cd95-4a30-93aa-91ca9ccf91a7""","""Nelle Frayn""","""378-96-3240""","""05/15/2018""","""3487 Jana Alley""","""£73.17"""
"""66a1d799-6f48-4890-bc83-4140e1611cb1""","""Jane Blainey""","""483-87-6856""","""09/29/2018""","""75 Ramsey Way""","""£9.62"""
"""1f53b08b-21ba-4152-ab6f-a1f14f87895e""","""Myrilla Guiver""","""808-43-7008""","""03/17/2018""","""276 Glacier Hill Street""","""£6.08"""
"""4ae5fd3e-e1b7-4612-aa29-0aa76c8bc62f""","""Stevena Saundercock""","""876-26-1426""","""01/14/2019""","""69775 Trailsway Pass""","""£25.12"""
"""37d7ee08-65ef-4cc0-acea-80c8751e4c4b""","""Sophronia Aksell""","""184-11-6560""",43439,"""0051 Northridge Point""","""£5.66"""
"""4dced54f-5240-43ce-8bef-b5e1e90fcb03""","""Brigid Moakes""","""865-49-9658""","""04/29/2018""","""49457 Florence Point""","""£9.08"""
"""e4071689-a6e7-49f0-b915-b95f402a42a1""","""Sheila-kathryn Hartzenberg""","""442-51-9047""",43376,"""8 Dapin Park""","""£5.28"""
"""9f08cedf-7cb9-4dd5-bbdb-f26402da0304""","""Caldwell MacAnellye""","""115-13-6114""",43110,"""764 Maryland Plaza""","""£14.25"""
"""2417b7cb-90c1-4d7b-8edf-f69240b7fe5d""","""Adriano Reilly""","""858-16-0699""","""10/29/2018""","""23 Farragut Lane""","""£37.10"""
"""7ae05533-0239-46d2-a7ff-7577d17f6393""","""Valaria Petigrew""","""202-43-2608""","""08/21/2018""","""7 Northview Pass""","""£35.07"""
"""48273b6f-fe72-4fb1-866d-a13598555151""","""Keslie Soaper""","""773-35-1677""","""12/21/2018""","""78 Elgar Pass""","""£48.07"""
"""4d90077e-2338-4c2c-a1f6-bf2a8ed10a63""","""Norah Guest""","""288-34-1352""","""07/23/2018""","""066 Sachs Junction""","""£31.26"""
"""1dad7542-cbd3-448c-b3d2-28d753566f4b""","""Welby Tarquini""","""671-43-7189""",43167,"""99 Helena Park""","""£32.59"""
"""0aabb768-416d-4e51-98ba-2e17305125c5""","""Diego Eagle""","""118-95-2779""",43383,"""2 Del Mar Trail""","""£9.35"""
"""6c1c90b5-4209-4cdf-9a9e-a7531835998d""","""Friedrich MacAughtrie""","""785-04-3922""",43259,"""2479 Grayhawk Crossing""","""£11.36"""
"""43bb1f63-f38d-47e6-9407-628ea0e937de""","""Emanuele Klimushev""","""673-46-5453""",43284,"""985 Miller Point""","""£99.95"""
"""3b2909c0-04b3-4333-b31e-9bf7cd829d5a""","""Yuma Edon""","""841-93-9073""",43353,"""317 Granby Plaza""","""£56.14"""
"""72d30b0d-2455-4487-9d48-8bb91466503e""","""Stace Farr""","""726-44-6999""","""09/20/2018""","""24097 Canary Road""","""£42.22"""
"""2e9428c4-7cf3-4fce-b217-615947fa5feb""","""Parker Gley""","""705-31-0950""",43408,"""84603 Cottonwood Trail""","""£54.14"""
"""4af7fd95-d684-4e81-9c6c-f072cab15e14""","""Agnes Fanton""","""475-55-7809""",43466,"""51160 Doe Crossing Crossing""","""£96.09"""
"""fca1a8b1-74e3-446c-94bb-27746c05e8e1""","""Osbert Kittow""","""231-59-8050""","""05/23/2018""","""8 Ridgeway Drive""","""£9.22"""
"""f02d4188-5b10-4aa8-b541-9425c73110a3""","""Emma Luciani""","""217-78-5051""","""09/18/2018""","""108 Dapin Parkway""","""£46.12"""
"""9a5b8708-e8f7-487e-bb5f-d0140f3a9a52""","""Rochette Hylden""","""690-50-9953""","""03/28/2018""","""7 Huxley Plaza""","""£92.60"""
"""898499f8-9148-4002-b973-5b98decfbc73""","""Orelia Sanchiz""","""154-03-9694""","""06/23/2018""","""5 Butterfield Pass""","""£87.50"""
"""976c5a92-2835-48e4-9fa0-a77cfcb25b74""","""Jenn Ribbens""","""834-21-1805""","""08/17/2018""","""2567 Truax Lane""","""£96.25"""
"""e91966e2-a937-4f79-998f-4e6a2d95d3c6""","""Bridie McInerney""","""683-47-2953""","""12/31/2018""","""5533 Graedel Hill""","""£87.75"""
"""6706dec4-beaf-4a68-8b4a-8cdd9dd58be2""","""Reidar Beament""","""771-81-0693""","""06/15/2018""","""53347 Cascade Way""","""£66.02"""
"""a6ea18fe-595d-43be-9f4d-0f36f058bd3c""","""Clemence Mattinson""","""446-58-5824""","""04/17/2018""","""117 Comanche Alley""","""£46.98"""
"""19c7d332-8636-48ae-b36e-bda4f1bc0c72""","""Shirline Westberg""","""167-81-2286""","""09/18/2018""","""7 Marquette Center""","""£64.57"""
"""9feb9ffc-f002-43cc-924c-b88d95bc8837""","""Serena Willox""","""206-41-1710""",43261,"""48392 Linden Parkway""","""£19.97"""
"""38384db7-60a9-476b-9aab-87407ab89376""","""Paten Fisby""","""296-96-6347""",43111,"""3 Anzinger Place""","""£99.69"""
"""49d33ba7-42c3-4064-946b-100919163952""","""Clive Burchett""","""547-32-3598""","""07/29/2018""","""194 Dapin Terrace""","""£51.63"""
"""f89c90fa-e13a-4baa-b443-9dfb315c0cbe""","""Ermentrude Tuke""","""114-52-6475""","""05/31/2018""","""65 Gale Way""","""£87.87"""
"""3e79d926-a003-4552-a93c-b3f03fe4fb6a""","""Baxter Spriggs""","""707-68-0255""","""06/13/2018""","""01 Fordem Road""","""£12.20"""
"""d30df21c-e490-4182-b36b-dba3075b0008""","""Jedediah O'Boyle""","""805-44-5745""",43199,"""562 Comanche Alley""","""£15.37"""
"""08a6492c-c8b9-487f-b79c-fe8f63c38503""","""Kendrick Stealy""","""892-93-7255""","""05/29/2018""","""9 Merchant Center""","""£80.18"""
"""3776a817-ebe9-48eb-9a85-8be6d02b192f""","""Reina Balasini""","""728-89-8233""",43319,"""21 Fulton Hill""","""£13.96"""
"""68475fd5-9c08-49fd-92ed-b6b43ac5d50d""","""Charlton Lancetter""","""425-34-2133""",43710,"""56 Gateway Avenue""","""£60.99"""
"""fa47b584-82f5-4ca5-80af-ccc53fc5a6a4""","""Randy Giacobillo""","""522-96-0436""","""04/30/2018""","""418 Comanche Lane""","""£22.00"""
"""30bc4c9e-822b-4cfb-ad24-030bfeb62919""","""Anabal Brannon""","""597-21-2812""",43167,"""78145 Harbort Road""","""£41.90"""
"""9c31592c-c834-4ada-930c-934291f1eb3c""","""Rozalie MacGowan""","""623-33-1834""","""02/14/2019""","""7877 Rowland Lane""","""£81.13"""
"""5d49b40b-264e-452e-879e-4da9f68c72cb""","""Gussy Millar""","""633-95-0727""",43446,"""9 Arkansas Circle""","""£30.18"""
"""e06a61d2-985c-4f0e-bf45-ac2b787ea47d""","""Phaedra Wenban""","""852-59-2559""","""06/18/2018""","""53214 Monterey Way""","""£99.70"""
"""197d1198-bf00-4e41-b601-66af757a30cc""","""Aleda Hardan""","""800-66-8209""",43467,"""68 Evergreen Street""","""£9.86"""
"""f18448a5-458c-4f33-aa4e-d3fa9965a096""","""Crysta Gedney""","""319-78-6176""","""11/30/2018""","""8 Maple Wood Plaza""","""£50.11"""
"""4fcfae89-b0d2-464b-948f-3b135809b630""","""Riannon Norgate""","""204-65-4488""",43710,"""43271 Hanover Road""","""£63.36"""
"""5f5bdeef-959f-4c7e-b3fb-981c7d972251""","""Karmen Fillingham""","""397-81-5785""","""06/17/2018""","""39 Monica Crossing""","""£39.96"""
"""63f479e5-ecd8-41d8-a1b7-cefdcd01e2e3""","""Phyllida Warr""","""468-45-9579""","""09/26/2018""","""093 Derek Crossing""","""£4.61"""
"""a31487d8-9ef2-4dc0-80ee-0bfc4ea5f59d""","""Giffard Pickle""","""786-27-0492""","""09/19/2018""","""333 5th Parkway""","""£77.80"""
"""21943816-ff82-43dc-ae92-6e4f52d531fc""","""Boycey Lawie""","""628-50-1269""","""12/13/2018""","""36 Carpenter Avenue""","""£23.65"""
"""beaec9c4-5802-4c11-a6a8-8a6e80f5beda""","""Pauline Burr""","""597-05-7601""",43466,"""55 Beilfuss Place""","""£23.35"""
"""d5504b23-8cef-4444-8dc2-b7e0219656ae""","""Maitilde Cadman""","""271-11-3958""",43229,"""4205 Rusk Street""","""£95.97"""
"""1364224f-2d07-4ebd-9382-5ffe363c9c3d""","""Tillie Silk""","""530-07-7252""","""08/28/2018""","""6419 Amoth Avenue""","""£64.96"""
"""20c2db01-419e-4ad3-9029-3ad241490a89""","""Kelvin Hayhoe""","""844-75-3842""","""12/27/2018""","""25966 Monument Pass""","""£52.31"""
"""f37e15c0-ae4d-49b9-adc9-9a6b767b1f6b""","""Martha Lyenyng""","""862-89-8482""",43467,"""828 Elmside Road""","""£24.62"""
"""f611192a-a5df-409b-83f9-caa07e86126a""","""Prudi Johansen""","""228-87-1957""","""02/28/2019""","""81 Farwell Alley""","""£77.17"""
"""1782b1e2-5daf-4644-bb8b-a006f50b2ad5""","""Wynn Huggon""","""311-01-2525""","""03/18/2018""","""52 Jenna Court""","""£57.02"""
"""2054b70b-a94c-49bf-8b2d-f5e00b55eb4c""","""Cristal Doring""","""837-81-4408""",43232,"""03534 Ridge Oak Junction""","""£51.03"""
"""99cd548b-783a-4333-a35e-6c2dfcfd056c""","""Broderic Dast""","""663-06-2779""","""07/26/2018""","""5042 Melrose Way""","""£5.54"""
"""ff307388-d08f-4c17-9a66-04cc812aa6ae""","""Danielle Elliff""","""894-39-6319""","""09/19/2018""","""81505 Loftsgordon Junction""","""£56.24"""
"""c9657e19-dd76-4d6e-98b2-761a74801454""","""Beverly Boldra""","""784-94-0007""",43285,"""82500 Thompson Park""","""£26.73"""
"""c81f2417-a0b0-4e26-a173-a4273ea3c3c8""","""Gavin Gerbi""","""820-82-3368""","""10/14/2018""","""2 Randy Alley""","""£36.46"""
"""b4610598-11b4-4ee9-b3a9-c984bc4f44ce""","""Carry Licquorish""","""512-03-6747""","""11/24/2018""","""516 Kinsman Hill""","""£7.23"""
"""ee206fe5-20ca-4c76-ba1c-a111e09bb83c""","""Betsy Shervil""","""198-92-5072""","""09/27/2018""","""31580 Dexter Drive""","""£45.82"""
"""cd165cee-9684-41a3-ae32-1ed29861b223""","""Tait Goadsby""","""493-86-6288""",43409,"""18 Fallview Avenue""","""£65.04"""
"""9dbd58be-9ac7-4185-8282-10bd232ffb15""","""Selig Yves""","""101-30-0573""",43227,"""26530 Corben Junction""","""£33.05"""
"""6bd71fd2-715b-46d0-a76c-ea5edf5e653a""","""Nelly Fri""","""632-84-6621""",43104,"""5 Canary Park""","""£72.13"""
"""1045546a-b374-4e3e-8338-78f07607fd49""","""Amble Cyphus""","""221-23-4840""","""01/15/2019""","""251 Victoria Avenue""","""£17.21"""
"""71921180-a66c-41ca-9795-a6376a976fd1""","""Renata Rummin""","""488-97-2053""",43347,"""7 Manley Park""","""£15.15"""
"""41dec4d8-b2ca-474b-a4c6-1a49a0641d3b""","""Inger Kovnot""","""757-97-2908""","""09/28/2018""","""74 Arrowood Hill""","""£50.03"""
"""aa936ab0-b90f-4696-be79-1320a2fe345a""","""Roi Wessel""","""460-30-7162""",43166,"""31 Chive Junction""","""£65.19"""
"""0ed2fa6e-413f-4ecb-89b6-d093bafb6b4a""","""Phil Gallimore""","""357-63-1248""",43557,"""54 Kings Parkway""","""£91.83"""
"""99ed5360-6ec2-4772-b359-c4899e18b7c8""","""Marchelle Bance""","""865-56-7094""",43352,"""6553 Cambridge Street""","""£91.43"""
"""b8e29df8-2c76-43f5-bfda-d69dfe654cdd""","""Allard Brownsmith""","""405-17-9442""","""02/26/2019""","""05 Trailsway Park""","""£48.84"""
"""4e69d891-dbf2-4983-8549-a3a5a5e944e4""","""Fidel Playdon""","""208-65-5926""","""09/27/2018""","""1126 Sycamore Road""","""£45.93"""
"""5d525459-56f9-4815-83a9-51cdda202e8e""","""Abeu Harber""","""499-88-9711""","""10/25/2018""","""1 Eastlawn Plaza""","""£46.98"""
"""9a8a336f-a85b-40b4-a952-5b98e83592df""","""Cilka Coughan""","""766-86-3799""",43285,"""3562 Messerschmidt Alley""","""£59.13"""
"""287aad10-827b-4da3-81d9-40fe3a56f5fb""","""Dorie Jouanet""","""479-98-4490""","""12/17/2018""","""24607 Michigan Drive""","""£82.11"""
"""3f04fc85-ffa9-4b14-9f4f-305636830a75""","""Kaylee Stenet""","""255-18-2183""",43223,"""33439 Bellgrove Trail""","""£46.31"""
"""86220b5b-570a-46bd-955b-a69297a40e83""","""Fran Treske""","""731-98-2231""","""03/25/2018""","""46 Main Circle""","""£95.63"""
"""38626f9c-ee43-4243-9bec-7dd119aa57e3""","""Jere Perrinchief""","""576-47-5415""","""01/28/2019""","""02 Lighthouse Bay Road""","""£41.64"""
"""bb503c6e-9893-4cd7-8906-456d2a5e9ac5""","""Brier O'Keeffe""","""856-66-4833""",43439,"""86558 Roth Parkway""","""£7.43"""
"""5284abe6-898d-417e-b5c4-61497ca4614f""","""Murdock Jzhakov""","""844-56-1201""",43347,"""04198 Mallard Road""","""£78.46"""
"""b816562a-35a5-4886-87b6-dec7c6d28963""","""Chere Fendley""","""656-70-1074""","""01/25/2019""","""01909 Dunning Drive""","""£9.40"""
"""af3824aa-090a-4b81-926c-3ab214be4dab""","""Karlotta Marrable""","""653-08-5251""","""08/18/2018""","""189 Autumn Leaf Street""","""£79.77"""
"""de76fa8c-e267-4a9d-914b-dd28fca77eca""","""Teddie Defont""","""743-72-1976""","""05/16/2018""","""33002 Melrose Parkway""","""£73.99"""
"""af2c9662-5a8a-4951-a481-45a7eb17ad19""","""Thornie Schohier""","""585-90-7825""","""01/23/2019""","""813 Cardinal Court""","""£34.42"""
"""451aaf0f-23e6-42bf-a488-75c5518bbfeb""","""Filmore Thouless""","""378-71-5986""","""02/13/2019""","""81051 Clove Junction""","""£30.10"""
"""2174f29b-6196-4269-9a23-31b9b25d3501""","""Eva Domke""","""460-98-8574""","""03/23/2018""","""72549 Tennessee Avenue""","""£28.82"""
"""78b59a52-c1dc-48fc-909a-48080f76030b""","""Coretta Radbourne""","""115-86-1199""",43318,"""9046 Briar Crest Parkway""","""£79.69"""
"""4ae4dd0b-84dd-45e3-a12a-6296e3425f9a""","""Vinson Sumbler""","""157-13-4180""","""10/20/2018""","""1 Loftsgordon Pass""","""£94.68"""
"""24be3875-0ad0-4d75-8139-26bf7854a678""","""Kaleena Jarvis""","""719-66-8670""","""06/21/2018""","""178 Carey Lane""","""£29.37"""
"""aafe1505-b4ad-4721-8e7e-7de2e09be93a""","""Whitby Dunlop""","""865-03-7555""","""02/22/2019""","""4 Bunting Avenue""","""£20.91"""
"""986d2944-dd75-4829-bafa-cdbfa232c22c""","""Wallas Hanna""","""143-09-2783""","""04/17/2018""","""0609 Fieldstone Circle""","""£49.25"""
"""af27987a-abe0-4b12-929e-079fe8c7bb09""","""Tish Nannetti""","""704-71-9794""","""08/26/2018""","""39 Pearson Park""","""£53.96"""
"""9d114415-4365-47e2-9325-34999f1ed4bc""","""Melessa Casella""","""246-60-5406""",43110,"""6316 Meadow Vale Place""","""£77.06"""
"""21848d75-2264-44eb-99b6-7909dbc9acb0""","""Alia Trebble""","""131-36-6223""","""08/21/2018""","""627 Milwaukee Junction""","""£67.70"""
"""40af363e-9f37-40f1-8d64-e5df13bc8d64""","""Gabie O' Driscoll""","""654-03-1438""",43284,"""1898 Starling Hill""","""£25.83"""
"""ae595d9b-f121-45d9-a51d-7b55a2cf777b""","""Federico Kees""","""273-63-7646""",43202,"""712 Havey Parkway""","""£9.67"""
"""a2b4b1a0-0ba6-4ff6-ad38-e5e5975e9fb4""","""Vince Starten""","""704-55-9966""",43171,"""132 Atwood Plaza""","""£80.22"""
"""62929673-752c-4c00-a538-dfe1d1e9ceb0""","""Jemmie Germann""","""272-72-2660""",43171,"""04 Del Sol Drive""","""£24.57"""
"""fbbd954e-cc3b-4180-81cd-998b417f1115""","""Stephana Aisthorpe""","""880-64-7503""",43444,"""65 Dakota Alley""","""£28.85"""
"""efdb7620-a808-4088-b7ec-47b893b18d63""","""Brand Agnolo""","""864-02-5262""",43112,"""09944 Lighthouse Bay Crossing""","""£11.96"""
"""b319f33f-3afa-4235-a193-d4082c63a330""","""Elora Geldeford""","""822-56-9878""",43169,"""21 Washington Terrace""","""£7.34"""
"""e072f1c3-7e50-48e7-a8e1-0436c35b276b""","""Daria Gayden""","""422-77-5185""","""03/27/2018""","""783 Main Alley""","""£63.01"""
"""ecf6a4e4-ce07-46ee-9417-7f88385d2808""","""Mattie Mogridge""","""565-21-8552""","""01/15/2019""","""4 Farwell Hill""","""£67.62"""
"""131f7e5d-2ff9-45fd-b5ac-b8c190e062b6""","""Doroteya Layton""","""295-42-4014""",43135,"""8 Towne Point""","""£35.97"""
"""60eaa359-9f7c-43c7-acd9-90adb3fb02e6""","""Emmi Birtwisle""","""419-20-8049""",43198,"""5629 Manley Point""","""£57.16"""
"""a7f967bd-6129-4f19-83a9-bba29181e4ee""","""Garrott Shoosmith""","""123-85-0947""",43415,"""467 Meadow Ridge Avenue""","""£97.86"""
"""6fd594c0-0959-4083-bbb5-122b788ee5a5""","""Steward Kemston""","""797-83-1098""",43321,"""60410 Mallory Hill""","""£37.37"""
"""786a41e4-7086-468f-a255-640ad70d3884""","""Ermentrude Pechacek""","""615-14-9597""",43411,"""374 Lindbergh Park""","""£58.76"""
"""41c6ca42-c179-4db3-b527-10be170de78c""","""Ellwood todor""","""718-20-2770""",43290,"""54530 Roth Junction""","""£80.20"""
"""743524cc-7665-4033-9a04-576f8f6108ba""","""Benny Trundell""","""703-16-8356""","""07/20/2018""","""4 Lakewood Drive""","""£57.00"""
"""4faf571c-2914-4347-a65e-ff934954a204""","""Vonny Slaney""","""349-97-8849""",43354,"""79099 Brickson Park Junction""","""£87.04"""
"""3cf9b234-af72-4d5a-bf82-a9956acebe60""","""Montgomery Schriren""","""563-60-1094""","""11/28/2018""","""77 Bartillon Street""","""£84.62"""
"""dedd740c-e66a-44c9-9c1b-2673bc3da681""","""Nevin Auten""","""240-98-0218""","""11/18/2018""","""20 Lindbergh Hill""","""£18.55"""
"""77244e97-9814-454c-9df1-07aa846c2786""","""Jere Carmody""","""445-33-4637""","""11/29/2018""","""5534 Haas Road""","""£7.57"""
"""a484cce3-2a1e-429f-a2ac-8d412631c729""","""Violante Sowersby""","""131-50-9995""","""03/22/2018""","""04 Schiller Place""","""£83.57"""
"""975ce931-9f58-44a2-a96b-b8e3738c285b""","""Martita Willans""","""532-92-3973""","""09/30/2018""","""59 Meadow Vale Center""","""£20.62"""
"""e9132cfa-4794-4e54-b8b6-ca5c003a2b31""","""Drusilla Lazenby""","""400-51-0371""",43415,"""27364 Dryden Court""","""£59.09"""
"""3e0aa24a-4b3a-4905-9ae2-500eedbb4d06""","""Marsh Thunderman""","""737-55-5810""","""02/14/2019""","""57 Warner Road""","""£11.25"""
"""f68ca940-deff-4d9d-a498-a5766f7728e8""","""Justina Offer""","""613-96-9601""",43444,"""5 Petterle Terrace""","""£15.51"""
"""cac0c85f-77a8-49c6-8eac-07389523b1b7""","""Graehme Widdowes""","""417-51-1760""","""06/29/2018""","""31 Macpherson Court""","""£27.55"""
"""b65d49ea-1018-4529-86e4-c6412c15edb1""","""Lew Nabarro""","""837-54-0804""","""05/27/2018""","""7674 Weeping Birch Terrace""","""£16.33"""
"""036fd33d-ebe7-40e2-aa19-76f2a05511d9""","""Sherie Fydoe""","""550-58-2661""","""07/15/2018""","""15718 Buhler Pass""","""£41.99"""
"""72f60640-1707-47e6-8752-5c252b4704c3""","""Slade Frichley""","""673-18-6727""",43315,"""5593 Butternut Crossing""","""£92.15"""
"""be55571f-ac55-498b-8491-f1d804e2dd52""","""Jacinthe Lambertson""","""303-60-5566""","""05/28/2018""","""716 Troy Alley""","""£88.31"""
"""ba4e110a-6cbc-4b84-bab0-da05ed0443a9""","""Mariann Iacapucci""","""316-28-7127""",43409,"""6343 Glendale Hill""","""£19.13"""
"""057f9f89-0ef8-43e8-b67b-2e1605603e3a""","""Lesly Galpen""","""543-29-9049""",43526,"""00 Columbus Lane""","""£47.50"""
